5 0.2578125 0.13645833333333332 0.003125 0.007291666666666667
4 0.2578125 0.15520833333333334 0.00703125 0.04583333333333333
1 0.246875 0.17916666666666667 0.0203125 0.10833333333333334
2 0.24609375 0.1375 0.009375 0.022916666666666665
3 0.93671875 0.07395833333333333 0.02890625 0.05520833333333333
4 0.8421875 0.11354166666666667 0.03671875 0.15729166666666666
4 0.98046875 0.065625 0.02109375 0.10833333333333334
5 0.84765625 0.051041666666666666 0.015625 0.026041666666666668
5 0.98125 0.025 0.0140625 0.016666666666666666
4 0.19765625 0.5395833333333333 0.028125 0.10208333333333333
5 0.19453125 0.5052083333333334 0.0171875 0.028125
1 0.66328125 0.7489583333333333 0.0234375 0.090625
1 0.615625 0.7364583333333333 0.00859375 0.04791666666666667
2 0.659375 0.7104166666666667 0.00703125 0.014583333333333334
2 0.61484375 0.7166666666666667 0.003125 0.00625