1 0.21328125 0.09583333333333334 0.0359375 0.19166666666666668
1 0.31640625 0.18645833333333334 0.0796875 0.3729166666666667
1 0.36328125 0.11875 0.0421875 0.2375
2 0.2125 0.00625 0.01875 0.0125
2 0.33203125 0.016666666666666666 0.0390625 0.03333333333333333
2 0.3640625 0.007291666666666667 0.015625 0.014583333333333334
3 0.9859375 0.321875 0.0265625 0.029166666666666667
1 0.98203125 0.2864583333333333 0.028125 0.103125
2 0.9796875 0.25729166666666664 0.0140625 0.025
1 0.59296875 0.9375 0.0484375 0.125
2 0.575 0.9052083333333333 0.0125 0.06041666666666667