1 0.165625 0.409375 0.053125 0.13958333333333334
1 0.22890625 0.409375 0.0328125 0.13958333333333334
1 0.203125 0.409375 0.034375 0.13958333333333334
2 0.18203125 0.36041666666666666 0.021875 0.035416666666666666
2 0.21171875 0.36875 0.01484375 0.028125
2 0.2296875 0.3614583333333333 0.01484375 0.03125
3 0.696875 0.4552083333333333 0.15625 0.04791666666666667
1 0.81875 0.25729166666666664 0.03203125 0.0875
4 0.028125 0.6447916666666667 0.05625 0.25625
4 0.1984375 0.7395833333333334 0.115625 0.5208333333333334
5 0.21796875 0.5416666666666666 0.05625 0.10625
5 0.0296875 0.5510416666666667 0.02890625 0.040625
0 0.1546875 0.628125 0.0375 0.10833333333333334
3 0.57734375 0.7625 0.1046875 0.1125