3 0.51015625 0.340625 0.046875 0.034375
4 0.98984375 0.31145833333333334 0.015625 0.057291666666666664
2 0.57890625 0.728125 0.0203125 0.035416666666666666
1 0.571875 0.821875 0.034375 0.23125
1 0.95703125 0.9604166666666667 0.0859375 0.07916666666666666
1 0.88046875 0.8677083333333333 0.0421875 0.22708333333333333
1 0.8453125 0.803125 0.02578125 0.16770833333333332
1 0.84296875 0.7041666666666667 0.0296875 0.07083333333333333
2 0.9484375 0.959375 0.04375 0.08125
2 0.865625 0.778125 0.02109375 0.041666666666666664
2 0.8390625 0.728125 0.01875 0.03125
2 0.8421875 0.6864583333333333 0.01328125 0.025