1 0.19921875 0.35104166666666664 0.02421875 0.07708333333333334
2 0.19765625 0.32708333333333334 0.0140625 0.025
2 0.92890625 0.5052083333333334 0.04375 0.05520833333333333
4 0.20703125 0.634375 0.0125 0.06041666666666667
5 0.20546875 0.6125 0.00703125 0.013541666666666667
1 0.3625 0.628125 0.01015625 0.04375
2 0.36171875 0.6135416666666667 0.00625 0.011458333333333333
0 0.90390625 0.7291666666666666 0.01796875 0.029166666666666667
3 0.965625 0.734375 0.06875 0.08958333333333333
3 0.7859375 0.671875 0.053125 0.03854166666666667
3 0.79453125 0.65 0.0359375 0.03229166666666667
3 0.75234375 0.6416666666666667 0.0421875 0.0375