4 0.31640625 0.5458333333333333 0.0328125 0.09583333333333334
5 0.31484375 0.5166666666666667 0.01484375 0.026041666666666668
1 0.171875 0.3260416666666667 0.01328125 0.04479166666666667
2 0.1703125 0.309375 0.00625 0.008333333333333333
2 0.73984375 0.06770833333333333 0.040625 0.06666666666666667
1 0.753125 0.14895833333333333 0.07734375 0.240625
4 0.98671875 0.12916666666666668 0.0265625 0.25416666666666665
4 0.334375 0.825 0.01328125 0.06041666666666667
5 0.71015625 0.6489583333333333 0.00546875 0.011458333333333333
5 0.70546875 0.6479166666666667 0.003125 0.007291666666666667
5 0.7203125 0.6479166666666667 0.00234375 0.007291666666666667
5 0.72421875 0.6489583333333333 0.00390625 0.008333333333333333
4 0.71171875 0.6791666666666667 0.009375 0.07291666666666667
4 0.70390625 0.6770833333333334 0.00546875 0.06770833333333333
4 0.725 0.678125 0.00859375 0.065625
4 0.7203125 0.6760416666666667 0.003125 0.06354166666666666