3 0.26953125 0.221875 0.08359375 0.09270833333333334
3 0.39375 0.31145833333333334 0.109375 0.12604166666666666
3 0.390625 0.26875 0.11953125 0.15
4 0.40546875 0.10520833333333333 0.0203125 0.07916666666666666
5 0.4078125 0.075 0.0078125 0.016666666666666666
1 0.84765625 0.34375 0.0296875 0.08645833333333333
2 0.84921875 0.315625 0.01875 0.03854166666666667
3 0.05625 0.8677083333333333 0.1125 0.10208333333333333
4 0.1890625 0.671875 0.0203125 0.07291666666666667
4 0.18828125 0.6479166666666667 0.01328125 0.025
2 0.884375 0.8604166666666667 0.0296875 0.109375