1 0.04296875 0.415625 0.01640625 0.06354166666666666
1 0.0015625 0.39791666666666664 0.003125 0.05
2 0.040625 0.3875 0.00625 0.00625
3 0.803125 0.475 0.13125 0.06666666666666667
3 0.9890625 0.31666666666666665 0.021875 0.0375
0 0.9015625 0.3385416666666667 0.01796875 0.021875
2 0.284375 0.9333333333333333 0.01640625 0.029166666666666667
1 0.28203125 0.9572916666666667 0.0328125 0.08541666666666667
4 0.0109375 0.9135416666666667 0.021875 0.10208333333333333
5 0.01015625 0.8770833333333333 0.01328125 0.01875
5 0.73984375 0.6489583333333333 0.02109375 0.0375
4 0.73828125 0.690625 0.03671875 0.08958333333333333