4 0.12109375 0.31875 0.0125 0.051041666666666666
5 0.1171875 0.3 0.0046875 0.009375
5 0.8328125 0.2760416666666667 0.009375 0.019791666666666666
4 0.83828125 0.32395833333333335 0.02578125 0.11770833333333333
3 0.3078125 0.8604166666666667 0.13984375 0.23020833333333332
0 0.38203125 0.9635416666666666 0.0453125 0.07291666666666667
3 0.2734375 0.7145833333333333 0.07734375 0.05520833333333333
1 0.4015625 0.6104166666666667 0.0421875 0.12604166666666666
2 0.4015625 0.5645833333333333 0.02109375 0.035416666666666666
0 0.73203125 0.8125 0.0125 0.029166666666666667
4 0.80625 0.675 0.01328125 0.08020833333333334
5 0.80546875 0.6427083333333333 0.009375 0.016666666666666666