1 0.946875 0.43333333333333335 0.0875 0.2125
1 0.86953125 0.27395833333333336 0.0421875 0.22708333333333333
1 0.834375 0.209375 0.02578125 0.16770833333333332
1 0.83203125 0.11041666666666666 0.0296875 0.07083333333333333
2 0.9375 0.371875 0.04375 0.09270833333333334
2 0.8546875 0.184375 0.02109375 0.041666666666666664
2 0.828125 0.134375 0.01875 0.03125
2 0.83125 0.09270833333333334 0.01328125 0.025
4 0.10625 0.815625 0.2125 0.36875
5 0.10859375 0.6822916666666666 0.090625 0.1
4 0.5484375 0.7583333333333333 0.0140625 0.052083333333333336
4 0.62421875 0.728125 0.01015625 0.03229166666666667
5 0.55 0.7395833333333334 0.00625 0.010416666666666666
5 0.62421875 0.7166666666666667 0.00546875 0.009375