4 0.0875 0.40729166666666666 0.0125 0.022916666666666665
4 0.10390625 0.40625 0.0109375 0.025
5 0.08828125 0.4010416666666667 0.00625 0.0125
5 0.1046875 0.4010416666666667 0.00546875 0.010416666666666666
4 0.77109375 0.25104166666666666 0.0546875 0.259375
0 0.7578125 0.18125 0.01484375 0.04791666666666667
5 0.78046875 0.14270833333333333 0.02265625 0.03854166666666667
2 0.825 0.6510416666666666 0.0078125 0.01875
2 0.6078125 0.8552083333333333 0.00546875 0.035416666666666666
1 0.61015625 0.9208333333333333 0.0140625 0.15833333333333333
1 0.82578125 0.678125 0.028125 0.07708333333333334