1 0.23203125 0.3125 0.046875 0.1625
2 0.2296875 0.253125 0.0171875 0.03125
1 0.7078125 0.24791666666666667 0.0125 0.04895833333333333
3 0.46640625 0.8666666666666667 0.0171875 0.029166666666666667
3 0.475 0.8041666666666667 0.0078125 0.014583333333333334
3 0.43515625 0.7833333333333333 0.01328125 0.0125
1 0.440625 0.7677083333333333 0.00859375 0.034375
1 0.45625 0.753125 0.00703125 0.025
2 0.43984375 0.7541666666666667 0.003125 0.00625
1 0.65 0.9489583333333333 0.084375 0.10208333333333333
2 0.66015625 0.9364583333333333 0.0296875 0.06979166666666667