3 0.396875 0.28229166666666666 0.0859375 0.09583333333333334
3 0.559375 0.45416666666666666 0.01875 0.034375
3 0.52734375 0.36875 0.01640625 0.014583333333333334
3 0.56640625 0.3885416666666667 0.0109375 0.017708333333333333
1 0.5203125 0.3375 0.00625 0.022916666666666665
2 0.5203125 0.328125 0.0015625 0.003125
1 0.5015625 0.34375 0.003125 0.025
3 0.95859375 0.89375 0.01875 0.029166666666666667
3 0.928125 0.8083333333333333 0.01640625 0.0125
3 0.965625 0.8291666666666667 0.009375 0.01875
1 0.94765625 0.7791666666666667 0.00625 0.025