1 0.140625 0.3625 0.065625 0.13333333333333333
1 0.02421875 0.353125 0.0484375 0.15208333333333332
1 0.1296875 0.35208333333333336 0.0390625 0.12083333333333333
1 0.18046875 0.3541666666666667 0.034375 0.1375
2 0.03515625 0.2989583333333333 0.021875 0.0375
2 0.16171875 0.30625 0.01796875 0.026041666666666668
2 0.14296875 0.3020833333333333 0.01484375 0.01875
2 0.18125 0.30833333333333335 0.0109375 0.025
4 0.59375 0.09791666666666667 0.01875 0.08229166666666667
5 0.59453125 0.07395833333333333 0.01328125 0.022916666666666665
2 0.3109375 0.6583333333333333 0.0296875 0.109375
3 0.81640625 0.8604166666666667 0.1203125 0.08333333333333333
1 0.859375 0.6375 0.01171875 0.04583333333333333
2 0.85859375 0.6229166666666667 0.0046875 0.010416666666666666