4 0.0328125 0.30104166666666665 0.065625 0.24791666666666667
4 0.19453125 0.30104166666666665 0.0609375 0.2625
4 0.29921875 0.2875 0.1703125 0.325
5 0.015625 0.21041666666666667 0.03125 0.05416666666666667
5 0.18828125 0.21458333333333332 0.03203125 0.06041666666666667
5 0.25078125 0.21458333333333332 0.07890625 0.14479166666666668
0 0.04609375 0.26145833333333335 0.02578125 0.05416666666666667
1 0.91328125 0.3104166666666667 0.0390625 0.121875
2 0.91484375 0.2708333333333333 0.02109375 0.04479166666666667
3 0.25234375 0.9583333333333334 0.0703125 0.08333333333333333
3 0.91015625 0.94375 0.1484375 0.1125