4 0.31796875 0.4510416666666667 0.0296875 0.11458333333333333
5 0.31484375 0.4166666666666667 0.01796875 0.0375
1 0.4765625 0.12083333333333333 0.0203125 0.10208333333333333
2 0.47578125 0.08854166666666667 0.0125 0.029166666666666667
4 0.17734375 0.659375 0.0125 0.06770833333333333
4 0.19375 0.6385416666666667 0.01171875 0.028125
5 0.17734375 0.6302083333333334 0.00625 0.0125
5 0.19375 0.6302083333333334 0.00546875 0.010416666666666666
1 0.63828125 0.6510416666666666 0.02890625 0.07395833333333333
1 0.4328125 0.9177083333333333 0.00625 0.16458333333333333
2 0.63671875 0.6239583333333333 0.01015625 0.015625