1 0.09140625 0.12604166666666666 0.009375 0.040625
2 0.09140625 0.11145833333333334 0.00390625 0.005208333333333333
2 0.74140625 0.20520833333333333 0.040625 0.06666666666666667
1 0.7546875 0.2864583333333333 0.07734375 0.240625
4 0.9875 0.26666666666666666 0.025 0.25416666666666665
5 0.23828125 0.8166666666666667 0.07890625 0.12395833333333334
4 0.246875 0.8875 0.109375 0.225
5 0.821875 0.6239583333333333 0.0375 0.03125
4 0.81953125 0.6927083333333334 0.0609375 0.16875
4 0.9859375 0.69375 0.028125 0.14583333333333334
1 0.56015625 0.6854166666666667 0.0421875 0.15416666666666667
2 0.5453125 0.6385416666666667 0.0125 0.06041666666666667