3 0.49921875 0.23854166666666668 0.0609375 0.06041666666666667
3 0.49453125 0.2 0.0703125 0.058333333333333334
1 0.4140625 0.13645833333333332 0.03125 0.12395833333333334
1 0.38046875 0.12395833333333334 0.02421875 0.11145833333333334
2 0.38046875 0.084375 0.01484375 0.025
2 0.4125 0.090625 0.015625 0.028125
4 0.8234375 0.2989583333333333 0.01484375 0.0625
5 0.821875 0.27395833333333336 0.00625 0.009375
5 0.3421875 0.6541666666666667 0.00390625 0.005208333333333333
4 0.34296875 0.6760416666666667 0.01171875 0.052083333333333336
1 0.37265625 0.73125 0.028125 0.18645833333333334
2 0.3703125 0.6583333333333333 0.0140625 0.036458333333333336