5 0.00390625 0.35104166666666664 0.0078125 0.027083333333333334
4 0.01328125 0.40208333333333335 0.0265625 0.13333333333333333
3 0.928125 0.37604166666666666 0.04609375 0.11875
4 0.0875 0.728125 0.08046875 0.1625
4 0.08125 0.6770833333333334 0.03828125 0.04479166666666667
5 0.83203125 0.5791666666666667 0.0234375 0.040625
4 0.83515625 0.640625 0.0390625 0.15729166666666666
4 0.659375 0.6635416666666667 0.01484375 0.04791666666666667
1 0.56171875 0.6458333333333334 0.028125 0.12083333333333333
2 0.5609375 0.6041666666666666 0.01328125 0.028125
5 0.65703125 0.6489583333333333 0.00625 0.011458333333333333