1 0.028125 0.13645833333333332 0.05625 0.27291666666666664
1 0.1 0.1375 0.065625 0.275
1 0.34375 0.20416666666666666 0.13125 0.4083333333333333
2 0.02421875 0.019791666666666666 0.0328125 0.03958333333333333
2 0.10859375 0.010416666666666666 0.0265625 0.020833333333333332
2 0.37890625 0.034375 0.0609375 0.06875
3 0.6765625 0.13958333333333334 0.0234375 0.029166666666666667
3 0.51015625 0.24270833333333333 0.0984375 0.09375
3 0.6578125 0.3125 0.13984375 0.12604166666666666
3 0.621875 0.25 0.1 0.06666666666666667
0 0.26875 0.884375 0.03359375 0.058333333333333334
0 0.81171875 0.5864583333333333 0.02109375 0.040625
4 0.6390625 0.565625 0.06875 0.26666666666666666
4 0.746875 0.6364583333333333 0.08515625 0.32708333333333334
4 0.81171875 0.6385416666666667 0.046875 0.23020833333333332
5 0.628125 0.4666666666666667 0.03671875 0.05416666666666667
5 0.73671875 0.49895833333333334 0.04140625 0.052083333333333336
5 0.80390625 0.55 0.0234375 0.03229166666666667