1 0.2609375 0.3104166666666667 0.01328125 0.07395833333333333
2 0.2625 0.2791666666666667 0.00625 0.009375
2 0.30078125 0.28020833333333334 0.00390625 0.008333333333333333
1 0.30234375 0.2989583333333333 0.0078125 0.04479166666666667
4 0.490625 0.234375 0.078125 0.19791666666666666
5 0.49375 0.17604166666666668 0.04453125 0.06354166666666666
4 0.53046875 0.88125 0.01328125 0.078125
4 0.55 0.875 0.0125 0.07291666666666667
1 0.5046875 0.80625 0.0046875 0.020833333333333332
1 0.48125 0.8145833333333333 0.00546875 0.021875
2 0.5046875 0.7979166666666667 0.00390625 0.007291666666666667
5 0.53125 0.8479166666666667 0.00703125 0.013541666666666667
5 0.55078125 0.84375 0.00703125 0.014583333333333334