3 0.10703125 0.4041666666666667 0.084375 0.06354166666666666
1 0.3140625 0.39895833333333336 0.0625 0.275
2 0.315625 0.2916666666666667 0.03671875 0.03854166666666667
0 0.77265625 0.2552083333333333 0.0203125 0.022916666666666665
1 0.83359375 0.12083333333333333 0.01796875 0.1125
1 0.79609375 0.10729166666666666 0.01796875 0.08958333333333333
2 0.83203125 0.07083333333333333 0.0109375 0.0125
2 0.79765625 0.07083333333333333 0.009375 0.015625
3 0.771875 0.13229166666666667 0.028125 0.028125
5 0.3046875 0.98125 0.021875 0.0375
4 0.31171875 0.975 0.0421875 0.05