5 0.24375 0.08854166666666667 0.00390625 0.008333333333333333
4 0.24375 0.09791666666666667 0.0078125 0.026041666666666668
1 0.47265625 0.38229166666666664 0.01640625 0.07708333333333334
1 0.54296875 0.4 0.009375 0.034375
1 0.5015625 0.39375 0.009375 0.046875
1 0.48828125 0.38958333333333334 0.0046875 0.04375
2 0.4703125 0.35208333333333336 0.0078125 0.016666666666666666
2 0.54296875 0.3875 0.00546875 0.0125
2 0.5 0.375 0.0046875 0.007291666666666667
5 0.059375 0.6729166666666667 0.02265625 0.0375
4 0.05390625 0.7125 0.03203125 0.1125
3 0.5375 0.9447916666666667 0.13125 0.11041666666666666
3 0.93515625 0.9479166666666666 0.1296875 0.10416666666666667
3 0.44921875 0.734375 0.0203125 0.035416666666666666
1 0.5734375 0.69375 0.00546875 0.05416666666666667