4 0.08203125 0.08541666666666667 0.01640625 0.109375
5 0.08046875 0.041666666666666664 0.01015625 0.025
1 0.778125 0.35625 0.0171875 0.07291666666666667
2 0.78046875 0.33125 0.009375 0.014583333333333334
1 0.31328125 0.590625 0.01640625 0.06354166666666666
1 0.23515625 0.5989583333333334 0.01875 0.09375
1 0.26953125 0.5739583333333333 0.01015625 0.051041666666666666
2 0.23828125 0.5625 0.009375 0.0125
2 0.3109375 0.5625 0.00625 0.00625
2 0.26953125 0.5552083333333333 0.003125 0.004166666666666667
2 0.809375 0.8302083333333333 0.0234375 0.03125
1 0.80859375 0.8604166666666667 0.03359375 0.08645833333333333