1 0.078125 0.2125 0.04140625 0.15
1 0.190625 0.19791666666666666 0.03359375 0.14166666666666666
4 0.296875 0.1375 0.02265625 0.06458333333333334
2 0.19375 0.15729166666666666 0.0171875 0.026041666666666668
2 0.07890625 0.16041666666666668 0.01796875 0.029166666666666667
5 0.30078125 0.11770833333333333 0.01484375 0.01875
5 0.81171875 0.2 0.0109375 0.022916666666666665
4 0.8140625 0.21145833333333333 0.0171875 0.06666666666666667
4 0.41015625 0.5802083333333333 0.0296875 0.1375
1 0.47265625 0.7083333333333334 0.0734375 0.44166666666666665
2 0.48828125 0.5145833333333333 0.0328125 0.04791666666666667
5 0.40546875 0.528125 0.01640625 0.03125
3 0.83515625 0.978125 0.0984375 0.04375