3 0.6171875 0.4583333333333333 0.065625 0.15416666666666667
3 0.24921875 0.259375 0.03046875 0.019791666666666666
0 0.178125 0.353125 0.02265625 0.03125
1 0.2390625 0.221875 0.0109375 0.042708333333333334
2 0.23828125 0.203125 0.00625 0.007291666666666667
4 0.88359375 0.3458333333333333 0.07109375 0.42083333333333334
5 0.878125 0.16770833333333332 0.03359375 0.06041666666666667
5 0.271875 0.8458333333333333 0.03828125 0.06041666666666667
4 0.259375 0.9104166666666667 0.084375 0.17916666666666667
4 0.10390625 0.8979166666666667 0.0953125 0.20416666666666666
5 0.11171875 0.8364583333333333 0.0390625 0.08020833333333334
1 0.828125 0.7833333333333333 0.0625 0.20833333333333334