1 0.0390625 0.20520833333333333 0.05 0.25416666666666665
1 0.2578125 0.24375 0.0640625 0.33229166666666665
1 0.484375 0.33125 0.090625 0.6083333333333333
2 0.03671875 0.11875 0.02421875 0.04479166666666667
2 0.259375 0.11458333333333333 0.03828125 0.058333333333333334
1 0.8234375 0.47604166666666664 0.06796875 0.31354166666666666
2 0.81796875 0.340625 0.02109375 0.035416666666666666
2 0.52734375 0.9885416666666667 0.0046875 0.022916666666666665
5 0.61328125 0.915625 0.01015625 0.015625
4 0.61171875 0.940625 0.02421875 0.07083333333333333
1 0.5765625 0.8677083333333333 0.03125 0.08020833333333334
2 0.58046875 0.8479166666666667 0.01328125 0.025
0 0.703125 0.8135416666666667 0.01484375 0.019791666666666666