4 0.47109375 0.46041666666666664 0.0296875 0.07916666666666666
2 0.54609375 0.4239583333333333 0.0265625 0.04791666666666667
5 0.46640625 0.43854166666666666 0.01640625 0.03125
1 0.70390625 0.10520833333333333 0.04609375 0.16666666666666666
2 0.69609375 0.071875 0.02890625 0.06041666666666667
1 0.33125 0.9729166666666667 0.046875 0.05416666666666667
2 0.3296875 0.9677083333333333 0.0171875 0.03125
5 0.69375 0.5104166666666666 0.00390625 0.005208333333333333
4 0.69453125 0.5322916666666667 0.01171875 0.052083333333333336
1 0.7234375 0.5895833333333333 0.028125 0.17916666666666667
2 0.72109375 0.515625 0.0140625 0.03125