3 0.07109375 0.0375 0.0984375 0.075
3 0.21875 0.09791666666666667 0.13984375 0.12604166666666666
3 0.1828125 0.035416666666666666 0.1 0.06666666666666667
1 0.86015625 0.090625 0.01015625 0.0625
1 0.8703125 0.29270833333333335 0.0109375 0.051041666666666666
1 0.81953125 0.25625 0.01015625 0.03125
2 0.8578125 0.065625 0.00546875 0.010416666666666666
2 0.87109375 0.2708333333333333 0.003125 0.00625
2 0.81796875 0.24166666666666667 0.003125 0.005208333333333333
1 0.25078125 0.8260416666666667 0.0328125 0.12395833333333334
2 0.246875 0.775 0.01015625 0.01875
2 0.884375 0.47708333333333336 0.021875 0.0375
2 0.925 0.49583333333333335 0.02890625 0.040625
2 0.64921875 0.49166666666666664 0.0265625 0.040625
2 0.59140625 0.4947916666666667 0.009375 0.016666666666666666
1 0.59453125 0.5479166666666667 0.02109375 0.125
1 0.653125 0.59375 0.046875 0.24895833333333334
1 0.93203125 0.6125 0.05546875 0.2791666666666667
1 0.8875 0.5520833333333334 0.04140625 0.18958333333333333