3 0.0171875 0.45 0.03203125 0.05520833333333333
4 0.1734375 0.3958333333333333 0.01640625 0.07604166666666666
5 0.17265625 0.3645833333333333 0.00859375 0.01875
1 0.54140625 0.12604166666666666 0.01640625 0.06354166666666666
1 0.46328125 0.134375 0.01875 0.09375
1 0.49765625 0.109375 0.01015625 0.051041666666666666
2 0.46640625 0.09791666666666667 0.009375 0.0125
2 0.5390625 0.09791666666666667 0.00625 0.00625
2 0.49765625 0.090625 0.003125 0.004166666666666667
1 0.07734375 0.6760416666666667 0.0171875 0.07916666666666666
2 0.0765625 0.6489583333333333 0.009375 0.022916666666666665
1 0.81953125 0.5302083333333333 0.0171875 0.07916666666666666
2 0.81875 0.503125 0.009375 0.022916666666666665