5 0.8296875 0.17395833333333333 0.01796875 0.0375
4 0.8328125 0.18645833333333334 0.0296875 0.08333333333333333
2 0.68984375 0.14895833333333333 0.18671875 0.253125
2 0.6421875 0.31666666666666665 0.35 0.325
1 0.01484375 0.5875 0.009375 0.034375
2 0.01484375 0.575 0.00546875 0.0125
5 0.740625 0.4864583333333333 0.00625 0.014583333333333334
4 0.740625 0.5135416666666667 0.01875 0.06875
3 0.75078125 0.5635416666666667 0.0359375 0.03854166666666667
0 0.81875 0.6135416666666667 0.02109375 0.025
3 0.8734375 0.6208333333333333 0.0703125 0.07395833333333333
1 0.9671875 0.6145833333333334 0.065625 0.2708333333333333
2 0.9734375 0.5 0.053125 0.041666666666666664