1 0.2609375 0.2520833333333333 0.053125 0.23333333333333334
1 0.325 0.21770833333333334 0.03203125 0.1625
1 0.29921875 0.234375 0.03359375 0.19791666666666666
2 0.27734375 0.15625 0.021875 0.035416666666666666
2 0.30703125 0.16458333333333333 0.01484375 0.028125
2 0.325 0.15729166666666666 0.01484375 0.03125
3 0.61953125 0.328125 0.0859375 0.08125
3 0.225 0.6177083333333333 0.06796875 0.06666666666666667
3 0.20859375 0.54375 0.025 0.025
4 0.7140625 0.4822916666666667 0.02890625 0.08333333333333333
5 0.7125 0.46979166666666666 0.02109375 0.0375