4 0.40390625 0.25104166666666666 0.04765625 0.20729166666666668
5 0.403125 0.17083333333333334 0.025 0.042708333333333334
2 0.84375 0.18020833333333333 0.00625 0.0125
1 0.84609375 0.21666666666666667 0.015625 0.08958333333333333
3 0.70390625 0.34791666666666665 0.065625 0.06354166666666666
3 0.1578125 0.7458333333333333 0.0609375 0.090625
4 0.90078125 0.825 0.021875 0.12916666666666668
5 0.90234375 0.771875 0.0078125 0.01875
3 0.840625 0.8052083333333333 0.01171875 0.017708333333333333
3 0.834375 0.784375 0.0125 0.015625
3 0.828125 0.75625 0.0125 0.015625
3 0.8109375 0.7208333333333333 0.0109375 0.007291666666666667
1 0.81953125 0.7197916666666667 0.0078125 0.027083333333333334
2 0.81875 0.709375 0.00234375 0.004166666666666667