1 0.3078125 0.12291666666666666 0.0328125 0.121875
2 0.3078125 0.08333333333333333 0.01796875 0.026041666666666668
2 0.73671875 0.18854166666666666 0.040625 0.06666666666666667
1 0.74921875 0.23854166666666668 0.0765625 0.18125
4 0.98515625 0.22604166666666667 0.0296875 0.20625
4 0.0984375 0.5854166666666667 0.0140625 0.052083333333333336
4 0.17421875 0.5552083333333333 0.01015625 0.03229166666666667
5 0.1 0.5666666666666667 0.00625 0.010416666666666666
5 0.17421875 0.54375 0.00546875 0.009375
0 0.58671875 0.6010416666666667 0.0140625 0.022916666666666665
1 0.88359375 0.5166666666666667 0.07578125 0.26875
1 0.64453125 0.4666666666666667 0.01796875 0.1125
1 0.60703125 0.453125 0.01796875 0.08958333333333333
2 0.90078125 0.40729166666666666 0.03125 0.034375
2 0.64296875 0.4166666666666667 0.0109375 0.0125
2 0.60859375 0.4166666666666667 0.009375 0.015625
3 0.58828125 0.47708333333333336 0.0171875 0.029166666666666667