3 0.26328125 0.2625 0.078125 0.06979166666666667
3 0.1453125 0.22708333333333333 0.08671875 0.07395833333333333
3 0.23046875 0.22395833333333334 0.0609375 0.03854166666666667
3 0.32890625 0.23541666666666666 0.040625 0.04583333333333333
1 0.35859375 0.20625 0.03359375 0.17395833333333333
2 0.3578125 0.13541666666666666 0.0203125 0.029166666666666667
2 0.78671875 0.25416666666666665 0.0125 0.020833333333333332
2 0.775 0.303125 0.02734375 0.12604166666666666
4 0.24375 0.6614583333333334 0.015625 0.04479166666666667
5 0.24296875 0.65 0.0125 0.016666666666666666
2 0.5875 0.7947916666666667 0.03671875 0.06666666666666667
1 0.5953125 0.8177083333333334 0.0515625 0.12916666666666668