3 0.3046875 0.019791666666666666 0.084375 0.03958333333333333
3 0.4296875 0.084375 0.109375 0.12604166666666666
3 0.42578125 0.058333333333333334 0.1203125 0.11666666666666667
2 0.5859375 0.011458333333333333 0.015625 0.022916666666666665
1 0.590625 0.0375 0.025 0.075
4 0.621875 0.0375 0.0375 0.075
5 0.62578125 0.008333333333333333 0.0234375 0.016666666666666666
4 0.04609375 0.771875 0.05390625 0.13229166666666667
5 0.0484375 0.709375 0.0234375 0.04895833333333333
2 0.9171875 0.6083333333333333 0.02109375 0.04479166666666667
1 0.91953125 0.65625 0.03828125 0.11875