4 0.50625 0.29375 0.04140625 0.1125
5 0.51171875 0.26458333333333334 0.01796875 0.026041666666666668
2 0.4890625 0.26979166666666665 0.0140625 0.034375
2 0.37578125 0.4583333333333333 0.0078125 0.03333333333333333
2 0.246875 0.465625 0.02109375 0.04479166666666667
2 0.20234375 0.44583333333333336 0.0203125 0.03333333333333333
1 0.1828125 0.5177083333333333 0.0625 0.17708333333333334
1 0.23046875 0.5177083333333333 0.053125 0.16666666666666666
1 0.35546875 0.5229166666666667 0.0484375 0.17916666666666667
2 0.6578125 0.5333333333333333 0.00234375 0.004166666666666667
1 0.659375 0.546875 0.0078125 0.0375
3 0.5890625 0.6083333333333333 0.02578125 0.016666666666666666