2 0.00703125 0.30520833333333336 0.0140625 0.06041666666666667
2 0.14609375 0.15416666666666667 0.021875 0.041666666666666664
2 0.221875 0.17604166666666668 0.0203125 0.03854166666666667
2 0.26171875 0.134375 0.0171875 0.026041666666666668
1 0.03046875 0.38333333333333336 0.0609375 0.2125
1 0.1578125 0.24583333333333332 0.0421875 0.234375
1 0.2296875 0.2604166666666667 0.0390625 0.20416666666666666
1 0.26953125 0.20625 0.028125 0.16666666666666666
1 0.62890625 0.026041666666666668 0.0265625 0.052083333333333336
1 0.2234375 0.8114583333333333 0.06484375 0.34270833333333334
2 0.2140625 0.6708333333333333 0.0265625 0.05416666666666667