4 0.0390625 0.13229166666666667 0.03984375 0.16979166666666667
5 0.046875 0.0625 0.015625 0.025
0 0.02890625 0.08645833333333333 0.00859375 0.029166666666666667
4 0.7421875 0.4583333333333333 0.009375 0.06354166666666666
4 0.7546875 0.4395833333333333 0.0078125 0.022916666666666665
4 0.76640625 0.43854166666666666 0.009375 0.021875
5 0.740625 0.43333333333333335 0.00546875 0.011458333333333333
5 0.753125 0.43333333333333335 0.0046875 0.009375
5 0.765625 0.4322916666666667 0.0046875 0.008333333333333333
3 0.290625 0.7427083333333333 0.0484375 0.07291666666666667
3 0.75078125 0.6833333333333333 0.04765625 0.029166666666666667