0 0.16171875 0.40520833333333334 0.02421875 0.052083333333333336
4 0.15078125 0.40208333333333335 0.0609375 0.15416666666666667
4 0.2859375 0.40520833333333334 0.0625 0.14791666666666667
4 0.40546875 0.3885416666666667 0.1796875 0.18125
5 0.1375 0.359375 0.03984375 0.06458333333333334
5 0.27578125 0.36354166666666665 0.0375 0.06458333333333334
5 0.37265625 0.3697916666666667 0.06796875 0.11770833333333333
4 0.6625 0.19895833333333332 0.02578125 0.08958333333333333
5 0.66484375 0.175 0.01328125 0.029166666666666667
3 0.19921875 0.9916666666666667 0.0328125 0.016666666666666666
1 0.21953125 0.95625 0.0109375 0.03854166666666667
4 0.2703125 0.9197916666666667 0.03046875 0.090625
5 0.27421875 0.8854166666666666 0.015625 0.029166666666666667
1 0.84765625 0.784375 0.0484375 0.121875
2 0.8390625 0.753125 0.028125 0.04583333333333333