1 0.1 0.18541666666666667 0.03671875 0.209375
1 0.20234375 0.259375 0.0796875 0.42604166666666665
1 0.25 0.19583333333333333 0.0421875 0.2791666666666667
2 0.09921875 0.09791666666666667 0.01796875 0.028125
2 0.21875 0.090625 0.03984375 0.08229166666666667
2 0.25078125 0.09270833333333334 0.01640625 0.040625
2 0.5953125 0.5229166666666667 0.0125 0.03333333333333333
1 0.37890625 0.859375 0.009375 0.040625
2 0.37890625 0.8447916666666667 0.00390625 0.005208333333333333
1 0.66484375 0.8885416666666667 0.1515625 0.22291666666666668
1 0.928125 0.928125 0.05 0.14375
2 0.60234375 0.871875 0.0265625 0.16458333333333333
2 0.92578125 0.8979166666666667 0.02421875 0.04479166666666667