5 0.09609375 0.3614583333333333 0.0140625 0.014583333333333334
5 0.14921875 0.20625 0.0046875 0.010416666666666666
4 0.1484375 0.21666666666666667 0.00625 0.03333333333333333
3 0.61796875 0.31875 0.1890625 0.1
3 0.54296875 0.22916666666666666 0.0984375 0.14479166666666668
4 0.7703125 0.07083333333333333 0.0296875 0.06145833333333333
5 0.7671875 0.05416666666666667 0.015625 0.019791666666666666
2 0.1453125 0.6583333333333333 0.01796875 0.035416666666666666
1 0.14296875 0.7 0.0328125 0.11458333333333333
5 0.5578125 0.615625 0.02265625 0.03854166666666667
4 0.55078125 0.6666666666666666 0.04921875 0.121875