5 0.159375 0.19479166666666667 0.0109375 0.016666666666666666
5 0.1328125 0.03958333333333333 0.00390625 0.009375
4 0.1609375 0.22916666666666666 0.01953125 0.08541666666666667
4 0.1328125 0.052083333333333336 0.00859375 0.03333333333333333
4 0.5203125 0.051041666666666666 0.021875 0.10208333333333333
5 0.52265625 0.011458333333333333 0.0109375 0.021875
4 0.36796875 0.6927083333333334 0.04453125 0.15729166666666666
5 0.36640625 0.6541666666666667 0.02421875 0.04583333333333333
3 0.7171875 0.6572916666666667 0.0453125 0.07083333333333333
3 0.76171875 0.7354166666666667 0.07734375 0.103125
3 0.83359375 0.7583333333333333 0.0671875 0.084375
3 0.96328125 0.784375 0.0734375 0.06875
1 0.67890625 0.5822916666666667 0.0234375 0.08333333333333333
2 0.67734375 0.559375 0.0125 0.022916666666666665
0 0.75859375 0.7875 0.0265625 0.04583333333333333