2 0.0078125 0.3302083333333333 0.015625 0.01875
4 0.10234375 0.8166666666666667 0.1109375 0.36666666666666664
4 0.32890625 0.803125 0.0703125 0.3375
4 0.3765625 0.784375 0.059375 0.3229166666666667
4 0.46484375 0.74375 0.0484375 0.20416666666666666
5 0.13359375 0.6770833333333334 0.04765625 0.09270833333333334
5 0.353125 0.665625 0.0265625 0.05520833333333333
5 0.3859375 0.6645833333333333 0.0328125 0.06666666666666667
5 0.478125 0.675 0.021875 0.041666666666666664
1 0.871875 0.8739583333333333 0.04921875 0.21770833333333334
2 0.8625 0.790625 0.02890625 0.03854166666666667