0 0.23046875 0.19895833333333332 0.02109375 0.040625
4 0.0578125 0.178125 0.06875 0.26666666666666666
4 0.165625 0.24895833333333334 0.08515625 0.32708333333333334
4 0.23046875 0.25104166666666666 0.046875 0.23020833333333332
5 0.046875 0.07916666666666666 0.03671875 0.05416666666666667
5 0.15546875 0.11145833333333334 0.04140625 0.052083333333333336
5 0.22265625 0.1625 0.0234375 0.03229166666666667
2 0.9609375 0.14166666666666666 0.00234375 0.004166666666666667
1 0.9625 0.15520833333333334 0.0078125 0.0375
3 0.8921875 0.21666666666666667 0.02578125 0.016666666666666666
3 0.22578125 0.9770833333333333 0.0984375 0.04583333333333333
4 0.453125 0.86875 0.0296875 0.06145833333333333
5 0.45 0.8520833333333333 0.015625 0.019791666666666666
3 0.86953125 0.653125 0.08359375 0.09270833333333334
3 0.96953125 0.7416666666666667 0.0609375 0.125
3 0.96484375 0.7 0.0703125 0.15
4 0.99765625 0.5354166666666667 0.0046875 0.07916666666666666