2 0.28671875 0.13854166666666667 0.02109375 0.042708333333333334
2 0.31875 0.115625 0.0140625 0.01875
1 0.2921875 0.215625 0.03984375 0.20104166666666667
1 0.31875 0.15104166666666666 0.0234375 0.09583333333333334
1 0.71484375 0.115625 0.0265625 0.14791666666666667
1 0.78515625 0.14375 0.034375 0.209375
1 0.87109375 0.128125 0.0453125 0.18854166666666666
2 0.71640625 0.051041666666666666 0.0140625 0.021875
2 0.784375 0.05416666666666667 0.01875 0.028125
2 0.86640625 0.052083333333333336 0.0203125 0.03229166666666667
4 0.8109375 0.058333333333333334 0.0078125 0.014583333333333334
4 0.8109375 0.05520833333333333 0.0046875 0.008333333333333333
3 0.38046875 0.6885416666666667 0.0703125 0.051041666666666666
0 0.540625 0.734375 0.028125 0.026041666666666668
1 0.628125 0.6802083333333333 0.04375 0.10208333333333333
4 0.6578125 0.7145833333333333 0.015625 0.12916666666666668