1 0.2625 0.084375 0.0109375 0.051041666666666666
1 0.21171875 0.04791666666666667 0.01015625 0.03125
2 0.26328125 0.0625 0.003125 0.00625
2 0.21015625 0.03333333333333333 0.003125 0.005208333333333333
3 0.865625 0.19270833333333334 0.06328125 0.20729166666666668
2 0.31015625 0.7875 0.021875 0.034375
1 0.30546875 0.88125 0.0421875 0.2375
3 0.3796875 0.9239583333333333 0.0359375 0.07604166666666666
4 0.33515625 0.8291666666666667 0.021875 0.09270833333333334
5 0.33125 0.790625 0.0078125 0.013541666666666667
4 0.80234375 0.5510416666666667 0.0328125 0.04375