1 0.43125 0.23125 0.0203125 0.10208333333333333
2 0.43046875 0.19895833333333332 0.0125 0.029166666666666667
4 0.81953125 0.2989583333333333 0.02734375 0.15416666666666667
5 0.821875 0.23645833333333333 0.01875 0.029166666666666667
1 0.171875 0.76875 0.07890625 0.35520833333333335
1 0.45 0.71875 0.03671875 0.209375
1 0.53125 0.7895833333333333 0.0375 0.42083333333333334
2 0.16328125 0.6270833333333333 0.03046875 0.06354166666666666
2 0.44921875 0.63125 0.01796875 0.028125
4 0.84609375 0.51875 0.0640625 0.22083333333333333
4 0.92421875 0.7541666666666667 0.0390625 0.15729166666666666
5 0.92734375 0.6947916666666667 0.02421875 0.042708333333333334