3 0.75703125 0.27291666666666664 0.1390625 0.13333333333333333
3 0.7234375 0.17708333333333334 0.07734375 0.05520833333333333
1 0.8515625 0.07291666666666667 0.0421875 0.12604166666666666
2 0.8515625 0.027083333333333334 0.02109375 0.035416666666666666
4 0.371875 0.7614583333333333 0.01328125 0.06354166666666666
1 0.50546875 0.8208333333333333 0.0265625 0.12916666666666668
2 0.5046875 0.765625 0.01015625 0.01875
5 0.3703125 0.734375 0.0046875 0.008333333333333333
0 0.90078125 0.8270833333333333 0.0125 0.029166666666666667
4 0.975 0.6895833333333333 0.01328125 0.08020833333333334
5 0.97421875 0.6572916666666667 0.009375 0.016666666666666666