3 0.28828125 0.43020833333333336 0.04921875 0.06145833333333333
3 0.3109375 0.40625 0.06171875 0.05520833333333333
3 0.23359375 0.3958333333333333 0.05625 0.057291666666666664
1 0.5234375 0.43645833333333334 0.028125 0.16458333333333333
1 0.54453125 0.4125 0.034375 0.1375
2 0.52578125 0.3645833333333333 0.01796875 0.026041666666666668
2 0.51171875 0.359375 0.0046875 0.01875
2 0.5453125 0.36666666666666664 0.0109375 0.025
1 0.1640625 0.621875 0.065625 0.20625
1 0.04453125 0.590625 0.0546875 0.14375
1 0.15234375 0.5364583333333334 0.0390625 0.035416666666666666
1 0.203125 0.5416666666666666 0.034375 0.04583333333333333
3 0.58828125 0.9677083333333333 0.1140625 0.06458333333333334