1 0.221875 0.4166666666666667 0.01015625 0.035416666666666666
1 0.34375 0.42291666666666666 0.0125 0.06458333333333334
2 0.221875 0.4041666666666667 0.00546875 0.009375
2 0.34375 0.39791666666666664 0.0078125 0.011458333333333333
1 0.79453125 0.175 0.053125 0.23958333333333334
1 0.8578125 0.13645833333333332 0.03203125 0.1625
1 0.83203125 0.153125 0.03359375 0.19791666666666666
2 0.81015625 0.075 0.021875 0.035416666666666666
2 0.83984375 0.08333333333333333 0.01484375 0.028125
2 0.8578125 0.07604166666666666 0.01484375 0.03125
2 0.51484375 0.9895833333333334 0.0109375 0.020833333333333332