5 0.4453125 0.2989583333333333 0.02109375 0.03125
5 0.55234375 0.31875 0.02109375 0.034375
4 0.55625 0.37395833333333334 0.0453125 0.15104166666666666
4 0.4421875 0.37083333333333335 0.0453125 0.17291666666666666
3 0.490625 0.4510416666666667 0.078125 0.07083333333333333
1 0.6328125 0.396875 0.028125 0.3145833333333333
1 0.36953125 0.946875 0.0796875 0.10625
2 0.36328125 0.9302083333333333 0.0421875 0.07708333333333334
1 0.65625 0.8125 0.075 0.375
2 0.65078125 0.6708333333333333 0.04765625 0.07604166666666666
3 0.821875 0.9864583333333333 0.028125 0.027083333333333334