1 0.0515625 0.30416666666666664 0.04375 0.21145833333333333
2 0.046875 0.221875 0.01875 0.0375
4 0.5578125 0.5072916666666667 0.0140625 0.078125
5 0.56015625 0.47604166666666664 0.00703125 0.0125
4 0.57734375 0.5 0.0125 0.07291666666666667
4 0.55 0.45729166666666665 0.00703125 0.034375
1 0.53203125 0.4322916666666667 0.00546875 0.021875
1 0.50859375 0.4395833333333333 0.009375 0.019791666666666666
2 0.53125 0.42291666666666666 0.003125 0.00625
5 0.57734375 0.46875 0.00546875 0.014583333333333334
1 0.715625 0.6729166666666667 0.034375 0.06666666666666667