4 0.1703125 0.08541666666666667 0.009375 0.06354166666666666
4 0.1828125 0.06666666666666667 0.0078125 0.022916666666666665
4 0.19453125 0.065625 0.009375 0.021875
5 0.16875 0.06041666666666667 0.00546875 0.011458333333333333
5 0.18125 0.06041666666666667 0.0046875 0.009375
5 0.19375 0.059375 0.0046875 0.008333333333333333
4 0.69609375 0.07291666666666667 0.0796875 0.14583333333333334
4 0.896875 0.078125 0.090625 0.15625
3 0.0453125 0.7166666666666667 0.090625 0.31666666666666665
5 0.82109375 0.821875 0.01015625 0.015625
4 0.81953125 0.846875 0.02421875 0.07083333333333333
1 0.784375 0.7739583333333333 0.03125 0.08020833333333334
2 0.78828125 0.7541666666666667 0.01328125 0.025
0 0.9109375 0.7197916666666667 0.01484375 0.019791666666666666