3 0.36328125 0.42916666666666664 0.1390625 0.12083333333333333
3 0.3296875 0.33958333333333335 0.07734375 0.05520833333333333
1 0.4578125 0.23541666666666666 0.0421875 0.12604166666666666
2 0.4578125 0.18958333333333333 0.02109375 0.035416666666666666
2 0.865625 0.4010416666666667 0.0265625 0.04583333333333333
2 0.86328125 0.4354166666666667 0.0609375 0.10833333333333334
2 0.13828125 0.734375 0.040625 0.06666666666666667
1 0.1515625 0.815625 0.07734375 0.240625
4 0.415625 0.796875 0.08671875 0.253125
5 0.41796875 0.71875 0.04609375 0.08229166666666667
5 0.58203125 0.7260416666666667 0.0140625 0.09375
4 0.57421875 0.8166666666666667 0.0296875 0.24583333333333332