1 0.1515625 0.12291666666666666 0.065625 0.24583333333333332
1 0.03203125 0.09166666666666666 0.0546875 0.18333333333333332
1 0.13984375 0.0375 0.0390625 0.075
1 0.190625 0.042708333333333334 0.034375 0.08541666666666667
4 0.9640625 0.17916666666666667 0.071875 0.11666666666666667
5 0.97421875 0.10833333333333334 0.0515625 0.05416666666666667
4 0.4640625 0.8895833333333333 0.025 0.11875
5 0.46484375 0.846875 0.0140625 0.025
5 0.51796875 0.6854166666666667 0.0046875 0.010416666666666666
4 0.5171875 0.6958333333333333 0.00625 0.03333333333333333
4 0.65703125 0.778125 0.028125 0.07083333333333333
5 0.65625 0.7635416666666667 0.0171875 0.03125