5 0.26171875 0.203125 0.01015625 0.015625
4 0.26015625 0.228125 0.02421875 0.07083333333333333
1 0.225 0.15520833333333334 0.03125 0.08020833333333334
2 0.22890625 0.13541666666666666 0.01328125 0.025
0 0.3515625 0.10104166666666667 0.01484375 0.019791666666666666
4 0.746875 0.07395833333333333 0.01171875 0.065625
4 0.73984375 0.071875 0.00859375 0.06354166666666666
5 0.746875 0.04791666666666667 0.00703125 0.013541666666666667
5 0.740625 0.046875 0.0046875 0.0125
3 0.7125 0.1 0.0171875 0.03125
3 0.73671875 0.10625 0.025 0.027083333333333334
2 0.6375 0.8760416666666667 0.0296875 0.06041666666666667
2 0.78359375 0.725 0.021875 0.041666666666666664
2 0.859375 0.746875 0.0203125 0.03854166666666667
2 0.89921875 0.7052083333333333 0.0171875 0.026041666666666668
1 0.66328125 0.9239583333333333 0.0703125 0.15208333333333332
1 0.7953125 0.8166666666666667 0.0421875 0.234375
1 0.8671875 0.83125 0.0390625 0.20416666666666666
1 0.90703125 0.7770833333333333 0.028125 0.16666666666666666