4 0.55234375 0.4583333333333333 0.01171875 0.04791666666666667
5 0.5515625 0.44166666666666665 0.00546875 0.008333333333333333
1 0.621875 0.375 0.0046875 0.034375
2 0.621875 0.36354166666666665 0.0046875 0.00625
4 0.8796875 0.19791666666666666 0.01640625 0.084375
4 0.896875 0.246875 0.02421875 0.09895833333333333
5 0.89453125 0.20729166666666668 0.01015625 0.017708333333333333
5 0.88046875 0.1625 0.00703125 0.011458333333333333
1 0.76171875 0.18541666666666667 0.01640625 0.06875
2 0.7625 0.15833333333333333 0.00703125 0.013541666666666667
2 0.32734375 0.96875 0.0125 0.01875
1 0.328125 0.9770833333333333 0.0171875 0.0375
1 0.95703125 0.5833333333333334 0.0671875 0.0875