2 0.24453125 0.41770833333333335 0.02109375 0.042708333333333334
2 0.2765625 0.39479166666666665 0.0140625 0.01875
1 0.24921875 0.446875 0.0390625 0.10625
1 0.2765625 0.43020833333333336 0.0234375 0.09583333333333334
3 0.83046875 0.3885416666666667 0.03984375 0.07291666666666667
0 0.859375 0.48333333333333334 0.01796875 0.021875
1 0.37890625 0.8864583333333333 0.021875 0.06354166666666666
2 0.38125 0.8708333333333333 0.01328125 0.025
1 0.56015625 0.940625 0.1734375 0.11875
2 0.58671875 0.8802083333333334 0.07109375 0.15
1 0.7953125 0.9010416666666666 0.015625 0.05520833333333333