4 0.03125 0.3572916666666667 0.0125 0.04375
4 0.0484375 0.3489583333333333 0.01171875 0.028125
5 0.03203125 0.340625 0.00625 0.0125
5 0.0484375 0.340625 0.00546875 0.010416666666666666
5 0.6875 0.27708333333333335 0.02421875 0.04791666666666667
4 0.6859375 0.30520833333333336 0.04375 0.10833333333333334
5 0.2421875 0.6333333333333333 0.021875 0.03854166666666667
4 0.24296875 0.6572916666666667 0.0328125 0.090625
1 0.18671875 0.5729166666666666 0.02421875 0.06458333333333334
2 0.18203125 0.5614583333333333 0.0125 0.025
1 0.6671875 0.7916666666666666 0.03671875 0.209375
1 0.76953125 0.8260416666666667 0.0796875 0.34791666666666665
1 0.8171875 0.8020833333333334 0.0421875 0.2791666666666667
2 0.66640625 0.7041666666666667 0.01796875 0.028125
2 0.7859375 0.696875 0.03984375 0.08229166666666667
2 0.81796875 0.6989583333333333 0.01640625 0.040625