3 0.13828125 0.6291666666666667 0.078125 0.06979166666666667
3 0.03125 0.5927083333333333 0.0625 0.07291666666666667
3 0.10546875 0.590625 0.0609375 0.03854166666666667
3 0.20390625 0.6020833333333333 0.040625 0.04583333333333333
1 0.23359375 0.5729166666666666 0.03359375 0.17395833333333333
2 0.2328125 0.5020833333333333 0.0203125 0.029166666666666667
5 0.69140625 0.25 0.01796875 0.03125
5 0.8328125 0.2760416666666667 0.03125 0.040625
5 0.946875 0.30833333333333335 0.040625 0.06458333333333334
4 0.69140625 0.32395833333333335 0.053125 0.18541666666666667
4 0.84921875 0.37916666666666665 0.06171875 0.25416666666666665
4 0.95390625 0.45208333333333334 0.0921875 0.35833333333333334
0 0.928125 0.3697916666666667 0.040625 0.08229166666666667
1 0.53671875 0.871875 0.1109375 0.24375