4 0.16015625 0.06666666666666667 0.0859375 0.13333333333333333
4 0.225 0.042708333333333334 0.046875 0.08541666666666667
4 0.64453125 0.20520833333333333 0.1515625 0.41041666666666665
5 0.615625 0.041666666666666664 0.0625 0.08333333333333333
1 0.9171875 0.24791666666666667 0.1140625 0.3104166666666667
2 0.921875 0.146875 0.059375 0.09895833333333333
5 0.33203125 0.5145833333333333 0.01875 0.029166666666666667
4 0.334375 0.5416666666666666 0.02421875 0.07395833333333333
3 0.05546875 0.790625 0.1109375 0.19791666666666666
1 0.78125 0.7989583333333333 0.065625 0.31979166666666664
1 0.9796875 0.8135416666666667 0.040625 0.3729166666666667
2 0.790625 0.6739583333333333 0.0265625 0.06041666666666667