4 0.68671875 0.18125 0.06015625 0.16354166666666667
5 0.68515625 0.13958333333333334 0.03125 0.05520833333333333
3 0.18984375 0.6208333333333333 0.0359375 0.04895833333333333
1 0.209375 0.5739583333333333 0.0125 0.051041666666666666
2 0.20859375 0.55625 0.00625 0.01875
4 0.2625 0.5458333333333333 0.028125 0.07708333333333334
5 0.2609375 0.5135416666666667 0.01484375 0.034375
4 0.52265625 0.778125 0.03125 0.16979166666666667
1 0.74453125 0.7916666666666666 0.01171875 0.03854166666666667
1 0.75546875 0.796875 0.01875 0.03229166666666667
2 0.74453125 0.78125 0.00703125 0.017708333333333333
2 0.75859375 0.7864583333333334 0.009375 0.011458333333333333