1 0.08671875 0.5395833333333333 0.0421875 0.1375
1 0.2 0.53125 0.03359375 0.14166666666666666
4 0.30625 0.4708333333333333 0.02265625 0.06458333333333334
2 0.203125 0.490625 0.0171875 0.026041666666666668
2 0.08828125 0.49375 0.01796875 0.029166666666666667
5 0.31015625 0.4510416666666667 0.01484375 0.01875
5 0.5703125 0.25416666666666665 0.02578125 0.06041666666666667
4 0.57578125 0.3020833333333333 0.046875 0.125
1 0.8296875 0.8833333333333333 0.01328125 0.07395833333333333
2 0.83125 0.8520833333333333 0.00625 0.009375
2 0.86953125 0.853125 0.00390625 0.008333333333333333
1 0.87109375 0.871875 0.0078125 0.04479166666666667