1 0.10390625 0.046875 0.0265625 0.09375
2 0.1015625 0.016666666666666666 0.0125 0.026041666666666668
1 0.828125 0.384375 0.0875 0.21041666666666667
1 0.75078125 0.22604166666666667 0.0421875 0.22708333333333333
1 0.715625 0.16145833333333334 0.02578125 0.16770833333333332
1 0.71328125 0.0625 0.0296875 0.07083333333333333
2 0.81875 0.32395833333333335 0.04375 0.09270833333333334
2 0.7359375 0.13645833333333332 0.02109375 0.041666666666666664
2 0.709375 0.08645833333333333 0.01875 0.03125
2 0.7125 0.04479166666666667 0.01328125 0.025
1 0.0421875 0.7291666666666666 0.07890625 0.35520833333333335
1 0.3203125 0.6791666666666667 0.03671875 0.209375
1 0.42265625 0.753125 0.0796875 0.42604166666666665
1 0.45859375 0.6895833333333333 0.0203125 0.2791666666666667
2 0.03359375 0.5875 0.03046875 0.06354166666666666
2 0.31953125 0.5916666666666667 0.01796875 0.028125
2 0.4390625 0.584375 0.03984375 0.08229166666666667
2 0.465625 0.5854166666666667 0.00625 0.041666666666666664
5 0.75546875 0.7614583333333333 0.03046875 0.05520833333333333
4 0.75625 0.7791666666666667 0.0390625 0.09375
1 0.65390625 0.7333333333333333 0.02578125 0.084375
2 0.65390625 0.7114583333333333 0.0125 0.029166666666666667