1 0.10546875 0.028125 0.0265625 0.05625
2 0.4953125 0.35520833333333335 0.0125 0.06041666666666667
2 0.63359375 0.20416666666666666 0.021875 0.041666666666666664
2 0.709375 0.22604166666666667 0.0203125 0.03854166666666667
2 0.74921875 0.184375 0.0171875 0.026041666666666668
1 0.51875 0.4635416666666667 0.059375 0.27291666666666664
1 0.6453125 0.29583333333333334 0.0421875 0.234375
1 0.7171875 0.3104166666666667 0.0390625 0.20416666666666666
1 0.75703125 0.25625 0.028125 0.16666666666666666
5 0.378125 0.809375 0.00703125 0.019791666666666666
4 0.38046875 0.8541666666666666 0.0234375 0.11458333333333333
2 0.7640625 0.9854166666666667 0.028125 0.029166666666666667