4 0.209375 0.2833333333333333 0.009375 0.06354166666666666
4 0.221875 0.26458333333333334 0.0078125 0.022916666666666665
4 0.23359375 0.2635416666666667 0.009375 0.021875
5 0.2078125 0.25833333333333336 0.00546875 0.011458333333333333
5 0.2203125 0.25833333333333336 0.0046875 0.009375
5 0.2328125 0.25729166666666664 0.0046875 0.008333333333333333
5 0.41015625 0.921875 0.0375 0.07291666666666667
4 0.40703125 0.959375 0.0609375 0.08125
4 0.59609375 0.9697916666666667 0.0734375 0.06041666666666667
5 0.60390625 0.9333333333333333 0.034375 0.09895833333333333
1 0.12890625 0.9541666666666667 0.0796875 0.09166666666666666
2 0.11953125 0.9520833333333333 0.04140625 0.07395833333333333
5 0.73203125 0.81875 0.0046875 0.016666666666666666
4 0.73359375 0.8427083333333333 0.0078125 0.06458333333333334