4 0.2609375 0.03333333333333333 0.021875 0.06666666666666667
1 0.4171875 0.06979166666666667 0.025 0.13958333333333334
5 0.87578125 0.3489583333333333 0.03046875 0.058333333333333334
4 0.8765625 0.396875 0.0484375 0.140625
1 0.2203125 0.80625 0.01015625 0.035416666666666666
1 0.3421875 0.8125 0.0125 0.06458333333333334
2 0.2203125 0.79375 0.00546875 0.009375
2 0.3421875 0.7875 0.0078125 0.011458333333333333
1 0.609375 0.5375 0.028125 0.11666666666666667
1 0.715625 0.5729166666666666 0.03125 0.1875
1 0.73671875 0.534375 0.0234375 0.11041666666666666
1 0.82109375 0.56875 0.0484375 0.17916666666666667