1 0.146875 0.3958333333333333 0.08125 0.3020833333333333
1 0.23125 0.3885416666666667 0.065625 0.31979166666666664
1 0.484375 0.43333333333333335 0.15 0.43333333333333335
2 0.15625 0.28125 0.0328125 0.06458333333333334
2 0.240625 0.2635416666666667 0.0265625 0.06041666666666667
2 0.51796875 0.2875 0.0765625 0.109375
1 0.74765625 0.22604166666666667 0.0328125 0.12395833333333334
2 0.74375 0.175 0.01015625 0.01875
0 0.29140625 0.8208333333333333 0.01796875 0.03125
1 0.13671875 0.825 0.1015625 0.35
2 0.15546875 0.6875 0.0515625 0.075