1 0.28046875 0.3229166666666667 0.01875 0.08958333333333333
2 0.2765625 0.2875 0.00546875 0.011458333333333333
1 0.68203125 0.3614583333333333 0.0421875 0.11458333333333333
2 0.66015625 0.3375 0.0203125 0.08333333333333333
2 0.68359375 0.340625 0.01640625 0.040625
1 0.2015625 0.61875 0.07890625 0.35520833333333335
1 0.4796875 0.56875 0.03671875 0.209375
1 0.58203125 0.6427083333333333 0.0796875 0.42604166666666665
1 0.62890625 0.5791666666666667 0.0421875 0.2791666666666667
2 0.19296875 0.47708333333333336 0.03046875 0.06354166666666666
2 0.47890625 0.48125 0.01796875 0.028125
2 0.5984375 0.4739583333333333 0.03984375 0.08229166666666667
2 0.63046875 0.47604166666666664 0.01640625 0.040625
5 0.66171875 0.653125 0.0234375 0.13125
4 0.67109375 0.7552083333333334 0.0421875 0.18541666666666667