3 0.121875 0.428125 0.046875 0.04479166666666667
3 0.16796875 0.403125 0.015625 0.035416666666666666
4 0.68671875 0.253125 0.0125 0.06770833333333333
4 0.703125 0.23229166666666667 0.01171875 0.028125
5 0.68671875 0.22395833333333334 0.00625 0.0125
5 0.703125 0.22395833333333334 0.00546875 0.010416666666666666
4 0.32265625 0.6520833333333333 0.040625 0.18958333333333333
5 0.32109375 0.571875 0.01796875 0.034375
5 0.68671875 0.690625 0.0375 0.07291666666666667
4 0.68359375 0.7760416666666666 0.0609375 0.17708333333333334
4 0.8734375 0.7822916666666667 0.0734375 0.146875
5 0.88046875 0.7020833333333333 0.034375 0.09895833333333333