3 0.2984375 0.38229166666666664 0.046875 0.04479166666666667
3 0.34453125 0.3572916666666667 0.015625 0.035416666666666666
1 0.9296875 0.5041666666666667 0.0875 0.07083333333333333
1 0.85234375 0.415625 0.0421875 0.22708333333333333
1 0.8171875 0.35104166666666664 0.02578125 0.16770833333333332
1 0.81484375 0.2520833333333333 0.0296875 0.07083333333333333
2 0.9203125 0.503125 0.04375 0.07291666666666667
2 0.8375 0.3260416666666667 0.02109375 0.041666666666666664
2 0.8109375 0.2760416666666667 0.01875 0.03125
2 0.8140625 0.234375 0.01328125 0.025
0 0.29609375 0.8208333333333333 0.1671875 0.35833333333333334
2 0.82421875 0.946875 0.00390625 0.008333333333333333
1 0.82421875 0.959375 0.01015625 0.042708333333333334