4 0.60546875 0.18020833333333333 0.03828125 0.17083333333333334
4 0.7109375 0.215625 0.03984375 0.2604166666666667
4 0.6875 0.17708333333333334 0.02890625 0.19791666666666666
4 0.63515625 0.13958333333333334 0.0375 0.134375
5 0.7125 0.10520833333333333 0.02109375 0.040625
5 0.690625 0.09270833333333334 0.01796875 0.025
5 0.628125 0.0875 0.0140625 0.019791666666666666
5 0.603125 0.10625 0.01484375 0.025
4 0.37265625 0.9416666666666667 0.0125 0.051041666666666666
5 0.36875 0.9229166666666667 0.0046875 0.009375
3 0.5625 0.5729166666666666 0.0875 0.11666666666666667