4 0.21484375 0.4010416666666667 0.0328125 0.17708333333333334
4 0.39296875 0.42604166666666665 0.0265625 0.12708333333333333
4 0.32578125 0.353125 0.0140625 0.05416666666666667
4 0.27265625 0.33958333333333335 0.01875 0.051041666666666666
5 0.21875 0.3302083333333333 0.01171875 0.020833333333333332
5 0.3953125 0.378125 0.009375 0.01875
5 0.3234375 0.334375 0.00546875 0.008333333333333333
5 0.2703125 0.31875 0.00390625 0.005208333333333333
1 0.53046875 0.784375 0.0265625 0.14791666666666667
1 0.60078125 0.8125 0.034375 0.209375
2 0.53203125 0.7197916666666667 0.0140625 0.021875
2 0.6 0.7229166666666667 0.01875 0.028125
4 0.72109375 0.5197916666666667 0.01484375 0.052083333333333336
5 0.71953125 0.5020833333333333 0.01015625 0.014583333333333334