4 0.08671875 0.44479166666666664 0.0328125 0.08958333333333333
4 0.26484375 0.46979166666666666 0.0265625 0.03958333333333333
4 0.19765625 0.440625 0.0140625 0.05416666666666667
4 0.14453125 0.4270833333333333 0.01875 0.051041666666666666
5 0.090625 0.41770833333333335 0.01171875 0.020833333333333332
5 0.2671875 0.465625 0.009375 0.01875
5 0.1953125 0.421875 0.00546875 0.008333333333333333
5 0.1421875 0.40625 0.00390625 0.005208333333333333
4 0.97421875 0.034375 0.0484375 0.06875
1 0.93359375 0.721875 0.0359375 0.11145833333333334
2 0.9359375 0.69375 0.0171875 0.034375