1 0.1984375 0.325 0.01796875 0.03854166666666667
2 0.19453125 0.309375 0.00546875 0.011458333333333333
5 0.96640625 0.2604166666666667 0.0421875 0.07604166666666666
4 0.96328125 0.33229166666666665 0.0734375 0.23541666666666666
1 0.715625 0.34270833333333334 0.07109375 0.20729166666666668
2 0.70859375 0.284375 0.040625 0.08958333333333333
1 0.16484375 0.8270833333333333 0.0796875 0.3458333333333333
1 0.43203125 0.7822916666666667 0.0140625 0.21041666666666667
2 0.15703125 0.6916666666666667 0.03046875 0.06354166666666666
2 0.4359375 0.6947916666666667 0.00625 0.027083333333333334
2 0.603125 0.7989583333333333 0.0265625 0.04583333333333333
2 0.60078125 0.8895833333333333 0.0609375 0.22083333333333333