4 0.190625 0.45625 0.0375 0.125
4 0.29609375 0.45208333333333334 0.0390625 0.13333333333333333
4 0.27265625 0.4479166666666667 0.0296875 0.14166666666666666
4 0.22109375 0.4395833333333333 0.0375 0.134375
5 0.2984375 0.40520833333333334 0.02109375 0.040625
5 0.2765625 0.3927083333333333 0.01796875 0.025
5 0.2140625 0.3875 0.0140625 0.019791666666666666
5 0.1890625 0.40625 0.01484375 0.025
4 0.64921875 0.1 0.040625 0.134375
5 0.64609375 0.07083333333333333 0.028125 0.041666666666666664
4 0.33359375 0.765625 0.0125 0.06770833333333333
4 0.35 0.7447916666666666 0.01171875 0.028125
5 0.33359375 0.7364583333333333 0.00625 0.0125
5 0.35 0.7364583333333333 0.00546875 0.010416666666666666
1 0.74765625 0.59375 0.0234375 0.115625
2 0.74453125 0.5458333333333333 0.0125 0.016666666666666666