1 0.23046875 0.3385416666666667 0.01640625 0.07708333333333334
1 0.30078125 0.35625 0.009375 0.034375
1 0.259375 0.35 0.009375 0.046875
1 0.24609375 0.3458333333333333 0.0046875 0.04375
2 0.228125 0.30833333333333335 0.0078125 0.016666666666666666
2 0.30078125 0.34375 0.00546875 0.0125
2 0.2578125 0.33125 0.0046875 0.007291666666666667
3 0.54453125 0.18645833333333334 0.03984375 0.034375
4 0.646875 0.22083333333333333 0.02421875 0.13854166666666667
5 0.65078125 0.17083333333333334 0.015625 0.0375
1 0.15546875 0.74375 0.0390625 0.121875
2 0.15703125 0.7041666666666667 0.02109375 0.04479166666666667