1 0.25625 0.058333333333333334 0.01328125 0.057291666666666664
2 0.2546875 0.035416666666666666 0.00625 0.010416666666666666
3 0.2015625 0.057291666666666664 0.03125 0.06145833333333333
2 0.53671875 0.22083333333333333 0.021875 0.034375
1 0.53203125 0.2520833333333333 0.0421875 0.1125
4 0.5609375 0.26145833333333335 0.021875 0.09375
5 0.5578125 0.22395833333333334 0.0078125 0.013541666666666667
2 0.06484375 0.490625 0.00625 0.013541666666666667
1 0.06640625 0.5208333333333334 0.0171875 0.07708333333333334
1 0.8015625 0.6020833333333333 0.01015625 0.05
2 0.80078125 0.58125 0.00390625 0.007291666666666667
3 0.765625 0.5927083333333333 0.01875 0.019791666666666666
3 0.7625 0.553125 0.0171875 0.008333333333333333