0 0.096875 0.31354166666666666 0.028125 0.026041666666666668
1 0.196875 0.22916666666666666 0.06796875 0.1625
2 0.19765625 0.17291666666666666 0.02265625 0.03854166666666667
5 0.525 0.3885416666666667 0.0125 0.022916666666666665
4 0.5234375 0.403125 0.01875 0.052083333333333336
1 0.78671875 0.39791666666666664 0.009375 0.041666666666666664
2 0.7859375 0.3854166666666667 0.0046875 0.010416666666666666
2 0.94921875 0.37395833333333334 0.0078125 0.0125
1 0.94765625 0.39375 0.01328125 0.052083333333333336
3 0.2015625 0.8260416666666667 0.0265625 0.084375
5 0.753125 0.915625 0.02578125 0.04479166666666667
4 0.74453125 0.9572916666666667 0.0484375 0.08541666666666667