3 0.0375 0.34791666666666665 0.0375 0.06979166666666667
1 0.13828125 0.32083333333333336 0.00546875 0.065625
2 0.13984375 0.29583333333333334 0.00390625 0.0125
1 0.65859375 0.23333333333333334 0.01171875 0.052083333333333336
1 0.63671875 0.17083333333333334 0.00546875 0.030208333333333334
2 0.6578125 0.2125 0.00390625 0.008333333333333333
2 0.63671875 0.15729166666666666 0.0015625 0.0020833333333333333
3 0.621875 0.21979166666666666 0.0125 0.017708333333333333
3 0.61796875 0.18125 0.00703125 0.00625
1 0.221875 0.8395833333333333 0.03671875 0.109375
2 0.2171875 0.8104166666666667 0.02109375 0.028125
0 0.996875 0.9 0.00625 0.020833333333333332