2 0.32265625 0.15208333333333332 0.02890625 0.06770833333333333
1 0.3171875 0.24583333333333332 0.08125 0.26666666666666666
0 0.91953125 0.284375 0.0203125 0.022916666666666665
1 0.98046875 0.15 0.01796875 0.1125
1 0.94296875 0.13645833333333332 0.01796875 0.08958333333333333
2 0.97890625 0.1 0.0109375 0.0125
2 0.94453125 0.1 0.009375 0.015625
3 0.91875 0.16145833333333334 0.028125 0.028125
4 0.19921875 0.7166666666666667 0.0234375 0.08229166666666667
5 0.2 0.6854166666666667 0.009375 0.016666666666666666
3 0.215625 0.6625 0.0296875 0.027083333333333334
2 0.48828125 0.5979166666666667 0.021875 0.041666666666666664
2 0.5640625 0.6197916666666666 0.0203125 0.03854166666666667
2 0.60390625 0.578125 0.0171875 0.026041666666666668
1 0.5 0.6895833333333333 0.0421875 0.234375
1 0.571875 0.7041666666666667 0.0390625 0.20416666666666666
1 0.61171875 0.65 0.028125 0.16666666666666666