3 0.16640625 0.021875 0.1171875 0.04375
5 0.80546875 0.10729166666666666 0.00546875 0.011458333333333333
5 0.80078125 0.10625 0.003125 0.007291666666666667
5 0.815625 0.10625 0.00234375 0.007291666666666667
5 0.81953125 0.10729166666666666 0.00390625 0.008333333333333333
4 0.80703125 0.1375 0.009375 0.07291666666666667
4 0.79921875 0.13541666666666666 0.00546875 0.06770833333333333
4 0.8203125 0.13645833333333332 0.00859375 0.065625
4 0.815625 0.134375 0.003125 0.06354166666666666
3 0.15859375 0.5875 0.04765625 0.029166666666666667
3 0.8734375 0.6041666666666666 0.01640625 0.027083333333333334
4 0.87578125 0.553125 0.00625 0.022916666666666665
5 0.875 0.54375 0.00234375 0.004166666666666667