2 0.24296875 0.20729166666666668 0.01328125 0.025
1 0.24296875 0.25104166666666666 0.03359375 0.12083333333333333
1 0.65625 0.23854166666666668 0.121875 0.47708333333333336
1 0.5109375 0.15833333333333333 0.0703125 0.30416666666666664
1 0.47265625 0.12604166666666666 0.028125 0.20416666666666666
2 0.66328125 0.051041666666666666 0.0609375 0.10208333333333333
2 0.50859375 0.041666666666666664 0.025 0.04479166666666667
2 0.4796875 0.052083333333333336 0.0171875 0.03854166666666667
2 0.1953125 0.71875 0.01640625 0.029166666666666667
1 0.19296875 0.765625 0.0328125 0.13125
2 0.49453125 0.7854166666666667 0.02421875 0.04479166666666667
1 0.5 0.8135416666666667 0.04453125 0.12604166666666666