4 0.18984375 0.18020833333333333 0.03828125 0.17083333333333334
4 0.2953125 0.215625 0.03984375 0.2604166666666667
4 0.271875 0.17708333333333334 0.02890625 0.19791666666666666
4 0.21953125 0.13958333333333334 0.0375 0.134375
5 0.296875 0.10520833333333333 0.02109375 0.040625
5 0.275 0.09270833333333334 0.01796875 0.025
5 0.2125 0.0875 0.0140625 0.019791666666666666
5 0.1875 0.10625 0.01484375 0.025
4 0.971875 0.18333333333333332 0.05625 0.2791666666666667
5 0.9640625 0.06979166666666667 0.03671875 0.06458333333333334
1 0.0296875 0.88125 0.059375 0.2375
2 0.009375 0.809375 0.01875 0.08541666666666667
3 0.821875 0.5864583333333333 0.0265625 0.029166666666666667
1 0.81796875 0.5510416666666667 0.028125 0.103125
2 0.815625 0.521875 0.0140625 0.025