1 0.10546875 0.3104166666666667 0.0171875 0.058333333333333334
2 0.1046875 0.28854166666666664 0.00859375 0.011458333333333333
3 0.80546875 0.09166666666666666 0.1046875 0.1125
1 0.459375 0.5104166666666666 0.01015625 0.035416666666666666
2 0.459375 0.4979166666666667 0.00546875 0.009375
4 0.2015625 0.5916666666666667 0.06953125 0.21145833333333333
5 0.20703125 0.5114583333333333 0.025 0.04479166666666667
2 0.65390625 0.728125 0.1515625 0.25
1 0.62890625 0.8989583333333333 0.2578125 0.20208333333333334
4 0.79296875 0.7645833333333333 0.0265625 0.06770833333333333
5 0.7921875 0.75 0.01484375 0.03229166666666667