1 0.44765625 0.165625 0.0046875 0.035416666666666666
2 0.4453125 0.15 0.0015625 0.005208333333333333
5 0.81640625 0.140625 0.01484375 0.025
4 0.815625 0.17916666666666667 0.028125 0.1125
5 0.26640625 0.9458333333333333 0.02109375 0.0375
4 0.26953125 0.9625 0.0265625 0.075
4 0.6921875 0.7770833333333333 0.1109375 0.390625
4 0.91796875 0.7510416666666667 0.0703125 0.3375
4 0.965625 0.7322916666666667 0.059375 0.3229166666666667
5 0.72265625 0.625 0.04765625 0.09270833333333334
5 0.9421875 0.6135416666666667 0.0265625 0.05520833333333333
5 0.975 0.6125 0.0328125 0.06666666666666667