3 0.2015625 0.371875 0.0328125 0.040625
1 0.27265625 0.23645833333333333 0.00625 0.027083333333333334
2 0.27109375 0.22708333333333333 0.00234375 0.004166666666666667
5 0.72109375 0.11458333333333333 0.03984375 0.06979166666666667
4 0.72109375 0.18333333333333332 0.09375 0.2125
1 0.6265625 0.3385416666666667 0.0171875 0.06041666666666667
2 0.6265625 0.321875 0.009375 0.021875
4 0.1515625 0.8645833333333334 0.028125 0.090625
5 0.15078125 0.8395833333333333 0.01328125 0.026041666666666668
2 0.6375 0.8770833333333333 0.0140625 0.025
1 0.64453125 0.9010416666666666 0.0234375 0.08229166666666667