3 0.41328125 0.29375 0.01796875 0.05416666666666667
3 0.375 0.221875 0.01640625 0.014583333333333334
4 0.35 0.2604166666666667 0.00625 0.06770833333333333
5 0.3484375 0.23125 0.00390625 0.010416666666666666
1 0.3671875 0.19166666666666668 0.00546875 0.020833333333333332
2 0.3671875 0.184375 0.003125 0.005208333333333333
1 0.834375 0.3125 0.078125 0.45416666666666666
2 0.82109375 0.13125 0.0390625 0.07708333333333334
1 0.20625 0.690625 0.06875 0.3020833333333333
2 0.21015625 0.5729166666666666 0.03125 0.06354166666666666
4 0.73671875 0.5895833333333333 0.0359375 0.1
5 0.734375 0.5489583333333333 0.015625 0.01875