3 0.5078125 0.35625 0.01640625 0.028125
3 0.515625 0.29270833333333335 0.0109375 0.016666666666666666
3 0.4765625 0.2708333333333333 0.015625 0.0125
1 0.48125 0.25625 0.00625 0.034375
2 0.48046875 0.24270833333333333 0.003125 0.005208333333333333
1 0.496875 0.24375 0.00625 0.027083333333333334
2 0.890625 0.5208333333333334 0.0625 0.058333333333333334
5 0.2921875 0.8239583333333333 0.015625 0.03229166666666667
5 0.3640625 0.8239583333333333 0.0125 0.021875
4 0.29609375 0.8510416666666667 0.02265625 0.07083333333333333
4 0.3640625 0.8375 0.0203125 0.03854166666666667
3 0.7265625 0.7489583333333333 0.0875 0.2604166666666667