4 0.18984375 0.23333333333333334 0.021875 0.12916666666666668
5 0.19140625 0.18020833333333333 0.0078125 0.01875
3 0.1296875 0.21354166666666666 0.01171875 0.017708333333333333
3 0.1234375 0.19270833333333334 0.0125 0.015625
3 0.1171875 0.16458333333333333 0.0125 0.015625
3 0.1 0.12916666666666668 0.0109375 0.007291666666666667
1 0.10859375 0.128125 0.0078125 0.027083333333333334
2 0.1078125 0.11770833333333333 0.00234375 0.004166666666666667
5 0.68125 0.390625 0.03203125 0.10208333333333333
4 0.68203125 0.36041666666666666 0.0203125 0.029166666666666667
1 0.69921875 0.6104166666666667 0.0328125 0.10416666666666667