3 0.21171875 0.3625 0.01796875 0.05416666666666667
3 0.1734375 0.290625 0.01640625 0.014583333333333334
4 0.1484375 0.32916666666666666 0.00625 0.06770833333333333
5 0.146875 0.3 0.00390625 0.010416666666666666
1 0.165625 0.2604166666666667 0.00546875 0.020833333333333332
2 0.165625 0.253125 0.003125 0.005208333333333333
4 0.7296875 0.2916666666666667 0.03828125 0.13854166666666667
5 0.72421875 0.24270833333333333 0.02421875 0.035416666666666666
2 0.17890625 0.8489583333333334 0.02421875 0.041666666666666664
1 0.17890625 0.8833333333333333 0.034375 0.12604166666666666
1 0.51875 0.7291666666666666 0.078125 0.5416666666666666
2 0.49296875 0.4979166666666667 0.0265625 0.07916666666666666