4 0.09140625 0.08541666666666667 0.0578125 0.17083333333333334
5 0.9515625 0.228125 0.0265625 0.035416666666666666
5 0.9875 0.29375 0.0140625 0.021875
4 0.9484375 0.2947916666666667 0.04375 0.18229166666666666
4 0.98828125 0.3104166666666667 0.01875 0.06145833333333333
1 0.88046875 0.3020833333333333 0.03359375 0.11875
2 0.8734375 0.2760416666666667 0.0171875 0.03229166666666667
5 0.365625 0.8135416666666667 0.01796875 0.03229166666666667
5 0.1421875 0.8114583333333333 0.01875 0.021875
4 0.1421875 0.9 0.03125 0.2
4 0.37109375 0.8989583333333333 0.0328125 0.20208333333333334
4 0.059375 0.9166666666666666 0.05546875 0.06458333333333334
5 0.72109375 0.7572916666666667 0.0328125 0.0875
4 0.71953125 0.80625 0.05546875 0.17395833333333333