4 0.04296875 0.325 0.02109375 0.08958333333333333
5 0.04453125 0.2833333333333333 0.00703125 0.015625
3 0.796875 0.1625 0.01875 0.034375
3 0.76484375 0.07708333333333334 0.01640625 0.014583333333333334
3 0.80390625 0.096875 0.0109375 0.017708333333333333
1 0.7578125 0.04583333333333333 0.00625 0.022916666666666665
2 0.7578125 0.036458333333333336 0.0015625 0.003125
1 0.73671875 0.053125 0.01015625 0.025
3 0.203125 0.9447916666666667 0.05625 0.11041666666666666
5 0.89609375 0.7645833333333333 0.0375 0.057291666666666664
4 0.8828125 0.8354166666666667 0.075 0.17604166666666668