4 0.45625 0.23645833333333333 0.025 0.13125
5 0.453125 0.178125 0.01328125 0.025
1 0.2890625 0.27291666666666664 0.0078125 0.040625
1 0.2765625 0.271875 0.00703125 0.04375
1 0.27109375 0.2677083333333333 0.00703125 0.03854166666666667
1 0.28125 0.26979166666666665 0.00546875 0.03958333333333333
2 0.2890625 0.25625 0.00390625 0.00625
2 0.2765625 0.25416666666666665 0.00390625 0.00625
2 0.271875 0.2520833333333333 0.003125 0.005208333333333333
2 0.2796875 0.253125 0.00390625 0.005208333333333333
3 0.16875 0.9802083333333333 0.06875 0.03958333333333333
1 0.3609375 0.9135416666666667 0.021875 0.051041666666666666
2 0.3578125 0.9 0.0140625 0.019791666666666666
4 0.9890625 0.6947916666666667 0.01875 0.03125
5 0.9921875 0.6822916666666666 0.015625 0.00625