1 0.15 0.16666666666666666 0.01953125 0.03229166666666667
1 0.14453125 0.15833333333333333 0.009375 0.019791666666666666
2 0.15546875 0.15833333333333333 0.00859375 0.013541666666666667
2 0.14375 0.15729166666666666 0.00703125 0.015625
2 0.8078125 0.20729166666666668 0.046875 0.090625
1 0.80078125 0.3125 0.046875 0.2916666666666667
4 0.31875 0.7291666666666666 0.03984375 0.08229166666666667
5 0.3265625 0.6885416666666667 0.0234375 0.04583333333333333
3 0.75234375 0.8229166666666666 0.02421875 0.0125
1 0.73515625 0.8020833333333334 0.00703125 0.04479166666666667
2 0.734375 0.7833333333333333 0.003125 0.007291666666666667