4 0.2359375 0.18645833333333334 0.065625 0.23645833333333333
5 0.2421875 0.090625 0.0171875 0.035416666666666666
1 0.2875 0.18541666666666667 0.03046875 0.17916666666666667
2 0.30390625 0.10416666666666667 0.01796875 0.021875
1 0.296875 0.011458333333333333 0.015625 0.022916666666666665
5 0.5796875 0.165625 0.0125 0.016666666666666666
4 0.57890625 0.22083333333333333 0.03203125 0.134375
1 0.72890625 0.23958333333333334 0.1390625 0.2791666666666667
2 0.728125 0.14895833333333333 0.04375 0.06458333333333334
3 0.33671875 0.6010416666666667 0.05703125 0.03854166666666667
2 0.82421875 0.5520833333333334 0.046875 0.06458333333333334
1 0.81953125 0.6052083333333333 0.084375 0.23333333333333334