3 0.15234375 0.4041666666666667 0.01640625 0.014583333333333334
3 0.19140625 0.4166666666666667 0.0109375 0.004166666666666667
1 0.1453125 0.3729166666666667 0.00625 0.022916666666666665
2 0.1453125 0.36354166666666665 0.0015625 0.003125
1 0.12421875 0.3802083333333333 0.01015625 0.025
3 0.834375 0.30520833333333336 0.0453125 0.06666666666666667
4 0.80625 0.240625 0.02578125 0.12604166666666666
4 0.78203125 0.21979166666666666 0.01640625 0.07604166666666666
5 0.803125 0.19270833333333334 0.01328125 0.026041666666666668
5 0.7828125 0.190625 0.0125 0.019791666666666666
1 0.3578125 0.7958333333333333 0.034375 0.18645833333333334
2 0.35390625 0.7166666666666667 0.01484375 0.026041666666666668
2 0.61796875 0.6572916666666667 0.02109375 0.040625
1 0.6109375 0.778125 0.04375 0.27291666666666664