4 0.12265625 0.4 0.01328125 0.078125
4 0.1421875 0.39375 0.0125 0.07291666666666667
1 0.096875 0.325 0.0046875 0.020833333333333332
1 0.0734375 0.3333333333333333 0.00546875 0.021875
2 0.096875 0.31666666666666665 0.00390625 0.007291666666666667
5 0.1234375 0.36666666666666664 0.00703125 0.013541666666666667
5 0.14296875 0.3625 0.00703125 0.014583333333333334
1 0.84375 0.14166666666666666 0.05390625 0.20833333333333334
1 0.83984375 0.07604166666666666 0.03046875 0.06770833333333333
2 0.45 0.6520833333333333 0.02421875 0.040625
1 0.4515625 0.715625 0.04921875 0.16354166666666667