3 0.45546875 0.10729166666666666 0.02421875 0.013541666666666667
1 0.43828125 0.08645833333333333 0.00703125 0.04479166666666667
2 0.43671875 0.06875 0.00234375 0.00625
1 0.89609375 0.06145833333333333 0.0640625 0.12291666666666666
1 0.14921875 0.7572916666666667 0.025 0.09583333333333334
2 0.15078125 0.725 0.01640625 0.029166666666666667
4 0.2 0.746875 0.0171875 0.07291666666666667
5 0.20234375 0.7260416666666667 0.01328125 0.025
2 0.5703125 0.5739583333333333 0.009375 0.025
1 0.571875 0.5864583333333333 0.021875 0.04791666666666667
5 0.9640625 0.5770833333333333 0.03671875 0.04895833333333333
4 0.95390625 0.646875 0.0578125 0.128125