1 0.13515625 0.021875 0.0046875 0.035416666666666666
2 0.1328125 0.00625 0.0015625 0.005208333333333333
2 0.72734375 0.3645833333333333 0.03671875 0.06770833333333333
1 0.73203125 0.3729166666666667 0.0609375 0.09166666666666666
5 0.42890625 0.8135416666666667 0.02421875 0.03854166666666667
5 0.340625 0.815625 0.02265625 0.029166666666666667
5 0.27578125 0.8072916666666666 0.0203125 0.025
4 0.27890625 0.8697916666666666 0.03359375 0.15416666666666667
4 0.340625 0.8875 0.05 0.17916666666666667
4 0.4296875 0.8875 0.05625 0.19791666666666666
0 0.27578125 0.8291666666666667 0.01484375 0.035416666666666666
4 0.92421875 0.8697916666666666 0.05234375 0.16770833333333332
5 0.91953125 0.81875 0.03046875 0.04895833333333333