3 0.34765625 0.36770833333333336 0.02421875 0.013541666666666667
1 0.33125 0.34791666666666665 0.0078125 0.04583333333333333
2 0.3296875 0.328125 0.00390625 0.005208333333333333
5 0.71328125 0.39375 0.01796875 0.03125
5 0.8546875 0.4197916666666667 0.03125 0.040625
5 0.96875 0.45208333333333334 0.040625 0.06458333333333334
4 0.7125 0.4666666666666667 0.053125 0.18333333333333332
4 0.8703125 0.47708333333333336 0.0625 0.1625
4 0.96484375 0.4875 0.0703125 0.14166666666666666
0 0.95 0.5135416666666667 0.040625 0.08229166666666667
4 0.34765625 0.61875 0.0109375 0.034375
5 0.34921875 0.6072916666666667 0.009375 0.015625
4 0.965625 0.828125 0.0140625 0.05416666666666667