4 0.0328125 0.11979166666666667 0.0140625 0.078125
5 0.03515625 0.08854166666666667 0.00703125 0.0125
4 0.05234375 0.1125 0.0125 0.07291666666666667
4 0.025 0.06979166666666667 0.00703125 0.034375
1 0.00703125 0.04479166666666667 0.00546875 0.021875
2 0.00625 0.035416666666666666 0.003125 0.00625
5 0.05234375 0.08125 0.00546875 0.014583333333333334
1 0.7609375 0.04479166666666667 0.05625 0.08958333333333333
3 0.26875 0.6333333333333333 0.0609375 0.090625
1 0.71328125 0.75 0.0375 0.21770833333333334
2 0.70390625 0.6604166666666667 0.01484375 0.03229166666666667