4 0.0203125 0.23541666666666666 0.040625 0.16666666666666666
5 0.01328125 0.17604166666666668 0.0265625 0.04791666666666667
1 0.3953125 0.2 0.0234375 0.09375
1 0.346875 0.18541666666666667 0.009375 0.04791666666666667
2 0.3921875 0.16354166666666667 0.0125 0.019791666666666666
2 0.34609375 0.16875 0.0078125 0.011458333333333333
4 0.7234375 0.44895833333333335 0.015625 0.01875
5 0.72421875 0.45208333333333334 0.0109375 0.0125
3 0.15234375 0.6395833333333333 0.0359375 0.04895833333333333
1 0.171875 0.5927083333333333 0.0125 0.051041666666666666
2 0.17109375 0.575 0.00625 0.01875
4 0.225 0.5645833333333333 0.028125 0.07708333333333334
5 0.2234375 0.5322916666666667 0.01484375 0.034375
5 0.7421875 0.8208333333333333 0.02578125 0.03229166666666667
4 0.74609375 0.8489583333333334 0.028125 0.084375