1 0.37890625 0.184375 0.0234375 0.090625
1 0.33125 0.171875 0.00859375 0.04791666666666667
2 0.375 0.14583333333333334 0.00703125 0.014583333333333334
2 0.33046875 0.15208333333333332 0.003125 0.00625
3 0.71875 0.23125 0.03984375 0.05520833333333333
1 0.2796875 0.7927083333333333 0.0671875 0.18541666666666667
2 0.27265625 0.7427083333333333 0.040625 0.0875
1 0.9765625 0.7541666666666667 0.009375 0.04791666666666667
2 0.97578125 0.7354166666666667 0.0046875 0.008333333333333333
3 0.63515625 0.809375 0.05625 0.17291666666666666
5 0.6453125 0.7375 0.015625 0.026041666666666668