3 0.1546875 0.365625 0.01796875 0.027083333333333334
3 0.1625 0.3020833333333333 0.0109375 0.016666666666666666
3 0.1234375 0.28020833333333334 0.01484375 0.011458333333333333
3 0.14453125 0.2604166666666667 0.01015625 0.011458333333333333
1 0.128125 0.26666666666666666 0.00859375 0.034375
2 0.12734375 0.2520833333333333 0.0046875 0.004166666666666667
3 0.72421875 0.3145833333333333 0.06796875 0.12395833333333334
1 0.915625 0.20520833333333333 0.021875 0.051041666666666666
2 0.9125 0.19166666666666668 0.0140625 0.019791666666666666
5 0.96796875 0.7604166666666666 0.0640625 0.1375
4 0.94296875 0.846875 0.1140625 0.30625