1 0.0796875 0.284375 0.00546875 0.026041666666666668
2 0.07890625 0.27395833333333336 0.003125 0.003125
5 0.65 0.28854166666666664 0.02109375 0.03125
5 0.75703125 0.30833333333333335 0.02109375 0.034375
4 0.76015625 0.34791666666666665 0.0453125 0.12083333333333333
4 0.64609375 0.340625 0.0453125 0.13541666666666666
4 0.12578125 0.896875 0.01328125 0.090625
4 0.1703125 0.871875 0.00859375 0.03958333333333333
5 0.128125 0.8604166666666667 0.0078125 0.016666666666666666
5 0.17109375 0.8572916666666667 0.0046875 0.008333333333333333
4 0.91015625 0.8135416666666667 0.05703125 0.12395833333333334
5 0.91796875 0.765625 0.025 0.058333333333333334