4 0.18515625 0.15208333333333332 0.0234375 0.10208333333333333
5 0.184375 0.11041666666666666 0.00859375 0.015625
4 0.16953125 0.1125 0.01953125 0.08125
5 0.16875 0.07604166666666666 0.00703125 0.010416666666666666
1 0.0515625 0.096875 0.02109375 0.075
2 0.0515625 0.06979166666666667 0.00703125 0.009375
2 0.60625 0.4125 0.01484375 0.021875
1 0.61015625 0.440625 0.02421875 0.09270833333333334
3 0.3796875 0.7729166666666667 0.02265625 0.06354166666666666
1 0.83203125 0.5947916666666667 0.01484375 0.041666666666666664
2 0.8359375 0.5822916666666667 0.00859375 0.01875