4 0.27890625 0.2833333333333333 0.021875 0.12916666666666668
5 0.28046875 0.23020833333333332 0.0078125 0.01875
3 0.21875 0.2635416666666667 0.01171875 0.017708333333333333
3 0.2125 0.24270833333333333 0.0125 0.015625
3 0.20625 0.21458333333333332 0.0125 0.015625
3 0.1890625 0.17916666666666667 0.0109375 0.007291666666666667
1 0.19765625 0.178125 0.0078125 0.027083333333333334
2 0.196875 0.16770833333333332 0.00234375 0.004166666666666667
5 0.77109375 0.978125 0.02890625 0.040625
1 0.8453125 0.984375 0.021875 0.03125
2 0.8453125 0.9864583333333333 0.015625 0.027083333333333334