4 0.86328125 0.4708333333333333 0.02109375 0.08958333333333333
5 0.86484375 0.42916666666666664 0.00703125 0.015625
1 0.75234375 0.4875 0.00859375 0.040625
1 0.76796875 0.4875 0.00703125 0.040625
1 0.7625 0.48541666666666666 0.00625 0.03854166666666667
1 0.75703125 0.48333333333333334 0.00625 0.041666666666666664
2 0.7515625 0.4708333333333333 0.00625 0.007291666666666667
2 0.76875 0.4708333333333333 0.00390625 0.007291666666666667
2 0.7625 0.46979166666666666 0.003125 0.00625
2 0.75703125 0.46875 0.003125 0.008333333333333333
4 0.18671875 0.7833333333333333 0.04375 0.13125
5 0.1796875 0.7416666666666667 0.01875 0.035416666666666666