4 0.2921875 0.19479166666666667 0.025 0.13125
5 0.2890625 0.13645833333333332 0.01328125 0.025
1 0.125 0.23125 0.0078125 0.040625
1 0.1125 0.23020833333333332 0.00703125 0.04375
1 0.10703125 0.22604166666666667 0.00703125 0.03854166666666667
1 0.1171875 0.228125 0.00546875 0.03958333333333333
2 0.125 0.21458333333333332 0.00390625 0.00625
2 0.1125 0.2125 0.00390625 0.00625
2 0.1078125 0.21041666666666667 0.003125 0.005208333333333333
2 0.115625 0.21145833333333333 0.00390625 0.005208333333333333
1 0.77109375 0.44375 0.0453125 0.15
2 0.77734375 0.39479166666666665 0.025 0.03854166666666667
3 0.34296875 0.890625 0.11796875 0.134375