3 0.50078125 0.5416666666666666 0.01875 0.029166666666666667
3 0.4703125 0.45625 0.01640625 0.0125
3 0.5078125 0.47708333333333336 0.009375 0.01875
1 0.48984375 0.4270833333333333 0.00625 0.025
4 0.73046875 0.40625 0.04921875 0.22708333333333333
4 0.7046875 0.39375 0.0390625 0.19583333333333333
5 0.72890625 0.31979166666666664 0.0234375 0.04791666666666667
5 0.709375 0.31875 0.0203125 0.034375
5 0.38203125 0.840625 0.02421875 0.03854166666666667
5 0.29375 0.8427083333333333 0.02265625 0.029166666666666667
5 0.22890625 0.834375 0.0203125 0.025
4 0.23203125 0.896875 0.03359375 0.15416666666666667
4 0.29375 0.9125 0.05 0.175
4 0.3828125 0.9072916666666667 0.05625 0.18541666666666667
0 0.22890625 0.85625 0.01484375 0.035416666666666666