4 0.23515625 0.14583333333333334 0.02109375 0.08958333333333333
5 0.23671875 0.10416666666666667 0.00703125 0.015625
1 0.12421875 0.1625 0.00859375 0.040625
1 0.13984375 0.1625 0.00703125 0.040625
1 0.134375 0.16041666666666668 0.00625 0.03854166666666667
1 0.12890625 0.15833333333333333 0.00625 0.041666666666666664
2 0.1234375 0.14583333333333334 0.00625 0.007291666666666667
2 0.140625 0.14583333333333334 0.00390625 0.007291666666666667
2 0.134375 0.14479166666666668 0.003125 0.00625
2 0.12890625 0.14375 0.003125 0.008333333333333333
4 0.9734375 0.1875 0.053125 0.1875
5 0.98671875 0.13645833333333332 0.0265625 0.06458333333333334
4 0.2625 0.584375 0.02265625 0.07291666666666667
5 0.2609375 0.5635416666666667 0.0140625 0.028125