1 0.4234375 0.4510416666666667 0.021875 0.09791666666666667
2 0.41953125 0.4114583333333333 0.00703125 0.015625
3 0.38046875 0.45625 0.01640625 0.019791666666666666
4 0.7515625 0.24270833333333333 0.0578125 0.109375
5 0.74765625 0.18854166666666666 0.02421875 0.051041666666666666
3 0.6953125 0.4041666666666667 0.071875 0.12916666666666668
1 0.29765625 0.940625 0.0390625 0.11875
1 0.26328125 0.9052083333333333 0.02421875 0.08645833333333333
2 0.29765625 0.8989583333333333 0.015625 0.026041666666666668
2 0.2625 0.875 0.01015625 0.025
1 0.996875 0.7541666666666667 0.00625 0.05