2 0.17109375 0.41354166666666664 0.015625 0.017708333333333333
2 0.16171875 0.26458333333333334 0.0078125 0.019791666666666666
1 0.15078125 0.49895833333333334 0.02421875 0.1625
1 0.16171875 0.2947916666666667 0.0109375 0.08229166666666667
4 0.66328125 0.44895833333333335 0.04609375 0.10520833333333333
5 0.66953125 0.41041666666666665 0.02265625 0.042708333333333334
2 0.0296875 0.878125 0.00625 0.0125
1 0.03203125 0.9145833333333333 0.015625 0.08958333333333333
4 0.5375 0.9333333333333333 0.065625 0.13333333333333333
5 0.54375 0.890625 0.0171875 0.035416666666666666
1 0.58828125 0.9479166666666666 0.0296875 0.10416666666666667
2 0.60546875 0.9041666666666667 0.01796875 0.021875
1 0.59921875 0.7822916666666667 0.015625 0.084375
2 0.6046875 0.7479166666666667 0.00546875 0.014583333333333334