1 0.41875 0.07916666666666666 0.01640625 0.040625
2 0.4140625 0.06666666666666667 0.00703125 0.011458333333333333
3 0.81640625 0.284375 0.0828125 0.08645833333333333
4 0.890625 0.20625 0.025 0.08229166666666667
5 0.88828125 0.17395833333333333 0.0078125 0.016666666666666666
5 0.33515625 0.7583333333333333 0.0203125 0.041666666666666664
4 0.33671875 0.8020833333333334 0.04375 0.084375
1 0.23515625 0.7979166666666667 0.01796875 0.04583333333333333
1 0.21796875 0.8416666666666667 0.03671875 0.035416666666666666
4 0.753125 0.6895833333333333 0.0265625 0.06979166666666667
5 0.7515625 0.66875 0.01875 0.021875