2 0.67109375 0.3020833333333333 0.03125 0.051041666666666666
1 0.66953125 0.30833333333333335 0.0546875 0.08333333333333333
1 0.26171875 0.796875 0.02421875 0.07708333333333334
2 0.26015625 0.7729166666666667 0.0140625 0.025
1 0.6296875 0.8260416666666667 0.053125 0.2760416666666667
1 0.8765625 0.8510416666666667 0.05546875 0.271875
1 0.63984375 0.65 0.03203125 0.07604166666666666
1 0.58515625 0.6677083333333333 0.0328125 0.16979166666666667
2 0.5875 0.6010416666666667 0.0140625 0.022916666666666665
2 0.634375 0.7145833333333333 0.02421875 0.042708333333333334
2 0.6453125 0.625 0.01484375 0.021875
2 0.87421875 0.7458333333333333 0.0390625 0.04479166666666667