5 0.24609375 0.3260416666666667 0.0125 0.019791666666666666
4 0.24921875 0.34791666666666665 0.021875 0.06354166666666666
3 0.61015625 0.128125 0.0875 0.052083333333333336
2 0.30390625 0.7208333333333333 0.021875 0.034375
1 0.29921875 0.8416666666666667 0.0421875 0.28854166666666664
3 0.3734375 0.8572916666666667 0.0359375 0.07604166666666666
4 0.32890625 0.7625 0.021875 0.09270833333333334
5 0.325 0.7239583333333334 0.0078125 0.013541666666666667
2 0.590625 0.684375 0.0296875 0.06145833333333333
2 0.45859375 0.6479166666666667 0.015625 0.028125
1 0.465625 0.6958333333333333 0.02421875 0.13541666666666666
1 0.56953125 0.8145833333333333 0.06484375 0.3145833333333333
0 0.6640625 0.8947916666666667 0.02890625 0.04583333333333333