4 0.384375 0.4010416666666667 0.0265625 0.084375
5 0.38671875 0.3802083333333333 0.01328125 0.025
1 0.6015625 0.16041666666666668 0.01328125 0.07395833333333333
2 0.603125 0.12916666666666668 0.00625 0.009375
2 0.64140625 0.13020833333333334 0.00390625 0.008333333333333333
1 0.64296875 0.14895833333333333 0.0078125 0.04479166666666667
4 0.3375 0.7697916666666667 0.065625 0.23645833333333333
5 0.34375 0.6739583333333333 0.0171875 0.035416666666666666
1 0.3890625 0.76875 0.03046875 0.17916666666666667
2 0.40546875 0.6875 0.01796875 0.021875
4 0.98203125 0.6666666666666666 0.0359375 0.075