2 0.04296875 0.06770833333333333 0.0734375 0.109375
1 0.06796875 0.16041666666666668 0.11640625 0.23020833333333332
1 0.91015625 0.2 0.0203125 0.096875
1 0.8609375 0.18541666666666667 0.009375 0.04791666666666667
2 0.90546875 0.16145833333333334 0.009375 0.016666666666666666
2 0.86015625 0.16666666666666666 0.0046875 0.008333333333333333
3 0.51953125 0.240625 0.05625 0.17291666666666666
5 0.5296875 0.16875 0.015625 0.026041666666666668
4 0.08359375 0.8 0.0625 0.2625
4 0.20234375 0.8177083333333334 0.1796875 0.3645833333333333
5 0.07265625 0.7010416666666667 0.0375 0.06458333333333334
5 0.16953125 0.7072916666666667 0.06796875 0.11770833333333333
4 0.84609375 0.8229166666666666 0.0171875 0.08958333333333333
5 0.84453125 0.803125 0.0109375 0.019791666666666666
3 0.89375 0.96875 0.115625 0.0625