4 0.7578125 0.1 0.0328125 0.18854166666666666
4 0.93515625 0.13229166666666667 0.0265625 0.15416666666666667
4 0.86796875 0.04479166666666667 0.0140625 0.05416666666666667
4 0.81484375 0.03125 0.01875 0.051041666666666666
5 0.7609375 0.021875 0.01171875 0.020833333333333332
5 0.9375 0.06979166666666667 0.009375 0.01875
5 0.865625 0.026041666666666668 0.00546875 0.008333333333333333
5 0.8125 0.010416666666666666 0.00390625 0.005208333333333333
3 0.2046875 0.8333333333333334 0.04765625 0.06041666666666667
4 0.5859375 0.953125 0.053125 0.09375
5 0.5890625 0.9114583333333334 0.0234375 0.04895833333333333