5 0.23203125 0.24583333333333332 0.0265625 0.051041666666666666
5 0.2296875 0.3260416666666667 0.05 0.159375
0 0.25390625 0.6791666666666667 0.01796875 0.029166666666666667
3 0.325 0.684375 0.08671875 0.08958333333333333
3 0.1359375 0.621875 0.053125 0.03854166666666667
3 0.14453125 0.6 0.0359375 0.03229166666666667
3 0.10234375 0.5916666666666667 0.0421875 0.0375
1 0.60390625 0.7770833333333333 0.06484375 0.29791666666666666
1 0.56875 0.6520833333333333 0.01328125 0.06145833333333333
3 0.72421875 0.871875 0.1625 0.103125
2 0.5984375 0.6604166666666667 0.0328125 0.06458333333333334
2 0.56875 0.6291666666666667 0.00625 0.011458333333333333