2 0.30078125 0.09791666666666667 0.0265625 0.035416666666666666
1 0.29765625 0.11666666666666667 0.03046875 0.08229166666666667
4 0.40703125 0.03229166666666667 0.0265625 0.06458333333333334
5 0.40859375 0.014583333333333334 0.0140625 0.026041666666666668
1 0.65703125 0.10104166666666667 0.075 0.18541666666666667
2 0.64765625 0.03958333333333333 0.0515625 0.07916666666666666
4 0.4859375 0.73125 0.028125 0.090625
5 0.48515625 0.70625 0.01328125 0.026041666666666668
5 0.646875 0.6989583333333333 0.003125 0.007291666666666667
4 0.646875 0.7177083333333333 0.00703125 0.04583333333333333
1 0.6359375 0.7416666666666667 0.0203125 0.10833333333333334
2 0.63515625 0.7 0.009375 0.022916666666666665