5 0.34453125 0.19479166666666667 0.01796875 0.034375
4 0.35 0.23229166666666667 0.0328125 0.08020833333333334
2 0.7703125 0.4270833333333333 0.028125 0.04479166666666667
1 0.7703125 0.4479166666666667 0.03359375 0.11770833333333333
4 0.85703125 0.3489583333333333 0.0203125 0.07083333333333333
5 0.8578125 0.328125 0.0125 0.022916666666666665
4 0.021875 0.640625 0.04375 0.10208333333333333
1 0.2296875 0.6427083333333333 0.0203125 0.057291666666666664
2 0.23203125 0.6270833333333333 0.01328125 0.019791666666666666
1 0.825 0.7979166666666667 0.02890625 0.1625
2 0.82109375 0.73125 0.01640625 0.029166666666666667