3 0.17421875 0.35520833333333335 0.2796875 0.10625
4 0.45859375 0.09479166666666666 0.0171875 0.05416666666666667
4 0.4578125 0.07604166666666666 0.01015625 0.013541666666666667
3 0.5984375 0.26145833333333335 0.0328125 0.040625
1 0.66953125 0.12604166666666666 0.00625 0.027083333333333334
2 0.66796875 0.11666666666666667 0.00234375 0.004166666666666667
0 0.45859375 0.5822916666666667 0.0234375 0.028125
3 0.58828125 0.7895833333333333 0.0265625 0.04583333333333333
3 0.6109375 0.7135416666666666 0.02578125 0.03125
1 0.4984375 0.6145833333333334 0.00625 0.026041666666666668
2 0.4984375 0.6052083333333333 0.003125 0.00625