5 0.2171875 0.18854166666666666 0.01328125 0.03229166666666667
4 0.21640625 0.209375 0.01640625 0.06145833333333333
1 0.67890625 0.515625 0.02265625 0.10208333333333333
2 0.67421875 0.4739583333333333 0.00703125 0.015625
3 0.63515625 0.51875 0.01640625 0.019791666666666666
4 0.0265625 0.7770833333333333 0.03125 0.075
1 0.2484375 0.7510416666666667 0.0125 0.022916666666666665
1 0.259375 0.7520833333333333 0.01875 0.025
2 0.2625 0.7416666666666667 0.009375 0.004166666666666667
2 0.45703125 0.771875 0.0453125 0.06458333333333334
1 0.47578125 0.8697916666666666 0.0765625 0.2604166666666667