1 0.421875 0.4583333333333333 0.03671875 0.109375
2 0.4171875 0.42916666666666664 0.02109375 0.028125
5 0.67890625 0.33645833333333336 0.00703125 0.015625
4 0.67890625 0.3625 0.01875 0.07291666666666667
3 0.68828125 0.41354166666666664 0.0359375 0.03854166666666667
0 0.75625 0.4635416666666667 0.02109375 0.025
3 0.8109375 0.4708333333333333 0.0703125 0.07395833333333333
1 0.9203125 0.44895833333333335 0.09609375 0.30416666666666664
2 0.91171875 0.334375 0.0546875 0.07291666666666667
3 0.18671875 0.7458333333333333 0.0703125 0.03333333333333333
3 0.73828125 0.8239583333333333 0.0703125 0.051041666666666666
0 0.8984375 0.8697916666666666 0.028125 0.026041666666666668
1 0.98203125 0.7979166666666667 0.0359375 0.1375
2 0.99375 0.7385416666666667 0.0125 0.01875