5 0.3953125 0.3802083333333333 0.02578125 0.04479166666666667
4 0.38671875 0.41458333333333336 0.0484375 0.07083333333333333
5 0.809375 0.09791666666666667 0.0046875 0.007291666666666667
1 0.7421875 0.15833333333333333 0.01171875 0.06145833333333333
2 0.74375 0.13541666666666666 0.00625 0.011458333333333333
3 0.79296875 0.17708333333333334 0.0234375 0.022916666666666665
4 0.81015625 0.11041666666666666 0.00703125 0.03333333333333333
3 0.19296875 0.9802083333333333 0.0453125 0.03958333333333333
3 0.2109375 0.9729166666666667 0.05625 0.05416666666666667
3 0.1453125 0.9614583333333333 0.046875 0.051041666666666666
4 0.309375 0.79375 0.01015625 0.04791666666666667
5 0.309375 0.775 0.00625 0.009375
5 0.3109375 0.7260416666666667 0.003125 0.007291666666666667
4 0.3109375 0.7385416666666667 0.00703125 0.03125
3 0.65078125 0.859375 0.0453125 0.06145833333333333
3 0.66953125 0.8447916666666667 0.05625 0.06354166666666666
3 0.61328125 0.8270833333333333 0.0265625 0.05
3 0.95625 0.9583333333333334 0.0875 0.08333333333333333
4 0.7671875 0.6604166666666667 0.01015625 0.04791666666666667
5 0.7671875 0.6416666666666667 0.00625 0.009375
5 0.76875 0.5927083333333333 0.003125 0.007291666666666667
4 0.76875 0.6052083333333333 0.00703125 0.03125