4 0.03671875 0.384375 0.03359375 0.06979166666666667
5 0.03671875 0.3645833333333333 0.015625 0.03125
3 0.70390625 0.09479166666666666 0.02890625 0.05520833333333333
4 0.609375 0.134375 0.03671875 0.15729166666666666
4 0.74765625 0.08645833333333333 0.02109375 0.10833333333333334
5 0.61484375 0.071875 0.015625 0.026041666666666668
5 0.7484375 0.04583333333333333 0.0140625 0.016666666666666666
1 0.3203125 0.9052083333333333 0.01484375 0.04583333333333333
2 0.3203125 0.8916666666666667 0.00859375 0.01875
1 0.6921875 0.83125 0.0140625 0.040625
1 0.6921875 0.8197916666666667 0.0078125 0.016666666666666666