4 0.309375 0.40520833333333334 0.02421875 0.11145833333333334
5 0.30703125 0.3697916666666667 0.0140625 0.03229166666666667
4 0.83984375 0.06145833333333333 0.02578125 0.10833333333333334
5 0.840625 0.016666666666666666 0.00703125 0.014583333333333334
1 0.70390625 0.065625 0.0046875 0.021875
2 0.7046875 0.057291666666666664 0.00078125 0.003125
5 0.1296875 0.7427083333333333 0.02109375 0.03125
5 0.23671875 0.7625 0.02109375 0.034375
4 0.240625 0.8177083333333334 0.0453125 0.15104166666666666
4 0.1265625 0.8145833333333333 0.0453125 0.17291666666666666
3 0.175 0.8947916666666667 0.078125 0.07083333333333333
4 0.8546875 0.540625 0.0171875 0.057291666666666664
4 0.85546875 0.5291666666666667 0.0109375 0.021875