2 0.2421875 0.2989583333333333 0.0578125 0.1125
1 0.27265625 0.39375 0.121875 0.3145833333333333
3 0.44609375 0.28541666666666665 0.04375 0.051041666666666666
4 0.60859375 0.32916666666666666 0.06171875 0.134375
5 0.61796875 0.2989583333333333 0.02265625 0.04895833333333333
3 0.2796875 0.9708333333333333 0.09375 0.058333333333333334
4 0.30703125 0.8614583333333333 0.021875 0.07291666666666667
5 0.30703125 0.8447916666666667 0.01484375 0.03125
2 0.76953125 0.9072916666666667 0.01484375 0.025
2 0.9515625 0.8114583333333333 0.0046875 0.00625
1 0.7625 0.9489583333333333 0.0375 0.10208333333333333
1 0.94921875 0.828125 0.009375 0.03125