3 0.1140625 0.515625 0.0875 0.027083333333333334
4 0.2140625 0.4125 0.02109375 0.058333333333333334
5 0.2140625 0.4 0.0125 0.019791666666666666
4 0.9328125 0.28125 0.02578125 0.057291666666666664
5 0.93359375 0.2677083333333333 0.0109375 0.03125
2 0.190625 0.8770833333333333 0.00859375 0.0125
1 0.19375 0.9114583333333334 0.02109375 0.08958333333333333
3 0.63515625 0.9135416666666667 0.02890625 0.05520833333333333
4 0.5484375 0.9364583333333333 0.01875 0.12708333333333333
4 0.67890625 0.9052083333333333 0.02109375 0.10833333333333334
5 0.54609375 0.8895833333333333 0.0140625 0.025
5 0.6796875 0.8645833333333334 0.0140625 0.016666666666666666