4 0.41484375 0.44479166666666664 0.0390625 0.11041666666666666
5 0.4125 0.421875 0.02109375 0.041666666666666664
3 0.98828125 0.21458333333333332 0.0234375 0.058333333333333334
1 0.93125 0.15104166666666666 0.03125 0.12395833333333334
1 0.89765625 0.13854166666666667 0.02421875 0.11145833333333334
2 0.89765625 0.09895833333333333 0.01484375 0.025
2 0.9296875 0.10520833333333333 0.015625 0.028125
3 0.42421875 0.5979166666666667 0.0890625 0.10520833333333333
1 0.16953125 0.54375 0.0484375 0.0875
1 0.97109375 0.93125 0.0328125 0.1375
2 0.97265625 0.8822916666666667 0.01796875 0.026041666666666668