5 0.19140625 0.265625 0.01484375 0.03125
4 0.196875 0.29375 0.03203125 0.1
5 0.7015625 0.08541666666666667 0.015625 0.025
4 0.696875 0.125 0.0328125 0.08229166666666667
1 0.64453125 0.13958333333333334 0.0140625 0.04791666666666667
2 0.640625 0.121875 0.00546875 0.013541666666666667
3 0.625 0.178125 0.034375 0.025
5 0.49609375 0.515625 0.0078125 0.014583333333333334
4 0.4890625 0.5479166666666667 0.021875 0.07916666666666666
3 0.728125 0.8802083333333334 0.0328125 0.10208333333333333
4 0.83203125 0.8916666666666667 0.06875 0.14166666666666666
5 0.8359375 0.828125 0.03125 0.058333333333333334