1 0.034375 0.08020833333333334 0.06875 0.16041666666666668
4 0.26171875 0.075 0.0796875 0.15
4 0.4625 0.08020833333333334 0.090625 0.16041666666666668
2 0.7828125 0.15104166666666666 0.009375 0.021875
1 0.78203125 0.171875 0.02265625 0.07291666666666667
3 0.64375 0.21354166666666666 0.0375 0.034375
3 0.6671875 0.196875 0.03125 0.03125
4 0.56171875 0.8114583333333333 0.0546875 0.259375
0 0.5484375 0.7416666666666667 0.01484375 0.04791666666666667
5 0.57109375 0.703125 0.02265625 0.03854166666666667
5 0.75 0.6427083333333333 0.06875 0.13125
4 0.74375 0.7458333333333333 0.11953125 0.18541666666666667