1 0.41953125 0.34270833333333334 0.021875 0.06354166666666666
2 0.421875 0.32708333333333334 0.01328125 0.025
2 0.65390625 0.10520833333333333 0.01640625 0.025
2 0.75859375 0.09583333333333334 0.01640625 0.025
2 0.7734375 0.09895833333333333 0.01015625 0.015625
2 0.859375 0.10104166666666667 0.02578125 0.029166666666666667
1 0.65078125 0.17083333333333334 0.028125 0.15104166666666666
1 0.75625 0.20104166666666667 0.03125 0.23333333333333334
1 0.778125 0.16354166666666667 0.0234375 0.15416666666666667
1 0.8625 0.19583333333333333 0.04921875 0.225
4 0.1328125 0.9291666666666667 0.0359375 0.13854166666666667
5 0.1390625 0.875 0.015625 0.03125
1 0.725 0.6645833333333333 0.121875 0.39166666666666666
1 0.57890625 0.58125 0.0703125 0.225
1 0.540625 0.5395833333333333 0.028125 0.14166666666666666