4 0.1390625 0.18125 0.03203125 0.08333333333333333
4 0.1359375 0.16666666666666666 0.015625 0.029166666666666667
5 0.66953125 0.390625 0.02421875 0.03854166666666667
5 0.58125 0.3927083333333333 0.02265625 0.029166666666666667
5 0.52265625 0.38333333333333336 0.0078125 0.025
4 0.52734375 0.44375 0.0171875 0.15
4 0.58125 0.446875 0.05 0.14375
4 0.6703125 0.44166666666666665 0.05625 0.15416666666666667
0 0.52109375 0.40520833333333334 0.0046875 0.035416666666666666
4 0.35 0.6125 0.01875 0.06354166666666666
5 0.3484375 0.5927083333333333 0.0109375 0.019791666666666666
5 0.85234375 0.8989583333333333 0.0546875 0.07708333333333334