1 0.225 0.15520833333333334 0.01796875 0.04895833333333333
4 0.44921875 0.24479166666666666 0.0203125 0.08541666666666667
5 0.44765625 0.21770833333333334 0.0171875 0.027083333333333334
1 0.20234375 0.68125 0.0203125 0.096875
1 0.153125 0.6666666666666666 0.009375 0.04791666666666667
2 0.19765625 0.6427083333333333 0.009375 0.016666666666666666
2 0.15234375 0.6479166666666667 0.0046875 0.008333333333333333
3 0.665625 0.828125 0.0390625 0.0375
1 0.68359375 0.7864583333333334 0.0140625 0.04583333333333333
5 0.74296875 0.75 0.0203125 0.03854166666666667
4 0.740625 0.7833333333333333 0.03125 0.07604166666666666