5 0.11953125 0.271875 0.03203125 0.06458333333333334
4 0.1171875 0.32916666666666666 0.0484375 0.13125
4 0.64921875 0.17083333333333334 0.07265625 0.246875
4 0.81328125 0.16979166666666667 0.0609375 0.2625
4 0.91640625 0.30104166666666665 0.1671875 0.6020833333333333
5 0.6328125 0.07916666666666666 0.03671875 0.05416666666666667
5 0.80703125 0.08333333333333333 0.03203125 0.06041666666666667
5 0.86953125 0.08333333333333333 0.07890625 0.14479166666666668
0 0.66484375 0.13020833333333334 0.02578125 0.05416666666666667
1 0.08984375 0.915625 0.06171875 0.11458333333333333
2 0.0859375 0.8552083333333333 0.0328125 0.052083333333333336
4 0.896875 0.7614583333333333 0.02109375 0.08958333333333333
5 0.8984375 0.734375 0.0140625 0.022916666666666665