4 0.46328125 0.415625 0.0359375 0.06875
5 0.46328125 0.40208333333333335 0.0171875 0.03229166666666667
4 0.73359375 0.1125 0.0625 0.14791666666666667
5 0.7296875 0.0625 0.02890625 0.06145833333333333
4 0.21640625 0.85625 0.028125 0.165625
5 0.2203125 0.7822916666666667 0.01484375 0.019791666666666666
1 0.2546875 0.8083333333333333 0.015625 0.051041666666666666
2 0.2546875 0.790625 0.00703125 0.015625
3 0.8796875 0.9364583333333333 0.0328125 0.10208333333333333
4 0.97421875 0.9385416666666667 0.0515625 0.12291666666666666
5 0.9859375 0.8833333333333333 0.028125 0.058333333333333334