1 0.37890625 0.2375 0.0171875 0.04895833333333333
2 0.37890625 0.225 0.01015625 0.022916666666666665
2 0.78828125 0.15208333333333332 0.01796875 0.03125
1 0.784375 0.196875 0.028125 0.12083333333333333
4 0.840625 0.17708333333333334 0.0171875 0.06354166666666666
5 0.840625 0.16041666666666668 0.0109375 0.019791666666666666
1 0.0671875 0.740625 0.0265625 0.08645833333333333
2 0.065625 0.7166666666666667 0.0125 0.022916666666666665
5 0.60546875 0.675 0.02109375 0.034375
4 0.609375 0.7302083333333333 0.0453125 0.15104166666666666
3 0.55625 0.80625 0.053125 0.07083333333333333