4 0.46953125 0.06145833333333333 0.084375 0.11770833333333333
5 0.4734375 0.008333333333333333 0.053125 0.016666666666666666
3 0.571875 0.22083333333333333 0.025 0.06666666666666667
3 0.12578125 0.9604166666666667 0.1890625 0.07916666666666666
3 0.05078125 0.88125 0.0984375 0.14479166666666668
4 0.278125 0.7229166666666667 0.0296875 0.06145833333333333
5 0.275 0.70625 0.015625 0.019791666666666666
2 0.7734375 0.7229166666666667 0.015625 0.025
2 0.8671875 0.721875 0.01640625 0.028125
2 0.97734375 0.7135416666666666 0.02578125 0.0375
1 0.97890625 0.7979166666666667 0.0421875 0.20833333333333334
1 0.86796875 0.7895833333333333 0.046875 0.17083333333333334
1 0.77421875 0.7895833333333333 0.03125 0.15625