5 0.19296875 0.18854166666666666 0.0375 0.06666666666666667
4 0.19765625 0.24270833333333333 0.0765625 0.14166666666666666
1 0.628125 0.45 0.053125 0.058333333333333334
1 0.63828125 0.38333333333333336 0.03203125 0.07604166666666666
1 0.59453125 0.396875 0.0109375 0.16458333333333333
2 0.590625 0.334375 0.003125 0.022916666666666665
2 0.6328125 0.4479166666666667 0.02421875 0.042708333333333334
2 0.64375 0.35833333333333334 0.01484375 0.021875
2 0.87265625 0.46770833333333334 0.0390625 0.022916666666666665
4 0.48046875 0.915625 0.01875 0.058333333333333334
5 0.4796875 0.9 0.00859375 0.025
5 0.7546875 0.54375 0.0265625 0.04479166666666667
4 0.73828125 0.615625 0.06328125 0.15625