5 0.284375 0.41770833333333335 0.0109375 0.016666666666666666
4 0.2859375 0.4197916666666667 0.01875 0.03958333333333333
1 0.21953125 0.41458333333333336 0.0453125 0.05
2 0.22265625 0.41354166666666664 0.0203125 0.04895833333333333
2 0.60078125 0.40625 0.0125 0.020833333333333332
2 0.58828125 0.415625 0.0265625 0.04791666666666667
4 0.28828125 0.5625 0.028125 0.10208333333333333
5 0.28515625 0.528125 0.0171875 0.028125
1 0.83828125 0.8458333333333333 0.0203125 0.096875
1 0.7890625 0.83125 0.009375 0.04791666666666667
2 0.83359375 0.8072916666666666 0.009375 0.016666666666666666
2 0.78828125 0.8125 0.0046875 0.008333333333333333
3 0.44765625 0.8864583333333333 0.05625 0.17291666666666666
5 0.4578125 0.8145833333333333 0.015625 0.026041666666666668