3 0.0328125 0.40729166666666666 0.065625 0.20208333333333334
4 0.5640625 0.11458333333333333 0.0328125 0.18854166666666666
4 0.74140625 0.146875 0.0265625 0.15416666666666667
4 0.67421875 0.059375 0.0140625 0.05416666666666667
4 0.62109375 0.04583333333333333 0.01875 0.051041666666666666
5 0.5671875 0.036458333333333336 0.01171875 0.020833333333333332
5 0.74375 0.084375 0.009375 0.01875
5 0.671875 0.040625 0.00546875 0.008333333333333333
5 0.61875 0.025 0.00390625 0.005208333333333333
5 0.796875 0.625 0.075 0.11458333333333333
5 0.79921875 0.746875 0.1171875 0.25416666666666665