4 0.3234375 0.05416666666666667 0.065625 0.10833333333333334
2 0.803125 0.20208333333333334 0.015625 0.025
2 0.896875 0.20104166666666667 0.01640625 0.028125
2 0.996875 0.19166666666666668 0.00625 0.0375
1 0.99375 0.27708333333333335 0.0125 0.20833333333333334
1 0.89765625 0.26875 0.046875 0.17083333333333334
1 0.80390625 0.26875 0.03125 0.15625
5 0.234375 0.6416666666666667 0.01796875 0.04791666666666667
4 0.234375 0.6666666666666666 0.0328125 0.084375
2 0.5359375 0.7572916666666667 0.0125 0.06875
1 0.53828125 0.8145833333333333 0.0171875 0.22083333333333333