5 0.053125 0.36354166666666665 0.028125 0.04895833333333333
4 0.0421875 0.403125 0.04609375 0.08645833333333333
1 0.353125 0.3770833333333333 0.03046875 0.06458333333333334
1 0.35078125 0.36666666666666664 0.015625 0.034375
5 0.73125 0.07604166666666666 0.0328125 0.04895833333333333
4 0.73671875 0.125 0.05546875 0.16041666666666668
1 0.0140625 0.96875 0.021875 0.0625
2 0.0140625 0.95625 0.015625 0.029166666666666667
4 0.8421875 0.8385416666666666 0.0140625 0.078125
5 0.84453125 0.8072916666666666 0.00703125 0.0125
4 0.86171875 0.83125 0.0125 0.07291666666666667
4 0.834375 0.7885416666666667 0.00703125 0.034375
1 0.81640625 0.7635416666666667 0.00546875 0.021875
1 0.79296875 0.7708333333333334 0.009375 0.019791666666666666
2 0.815625 0.7541666666666667 0.003125 0.00625
5 0.86171875 0.8 0.00546875 0.014583333333333334