4 0.44296875 0.32708333333333334 0.0140625 0.0625
5 0.44453125 0.3104166666666667 0.0109375 0.029166666666666667
2 0.6453125 0.15520833333333334 0.02421875 0.051041666666666666
1 0.646875 0.24479166666666666 0.059375 0.22708333333333333
3 0.12421875 0.6854166666666667 0.0171875 0.029166666666666667
3 0.1328125 0.6229166666666667 0.0078125 0.014583333333333334
3 0.09296875 0.6020833333333333 0.01328125 0.0125
1 0.0984375 0.5864583333333333 0.00859375 0.034375
1 0.1140625 0.571875 0.00703125 0.025
2 0.09765625 0.5729166666666666 0.003125 0.00625
5 0.7953125 0.5927083333333333 0.01796875 0.03229166666666667
5 0.571875 0.590625 0.01875 0.021875
4 0.571875 0.6895833333333333 0.03125 0.21875
4 0.8015625 0.68125 0.03359375 0.20520833333333333
4 0.4890625 0.6958333333333333 0.05546875 0.06458333333333334