3 0.17890625 0.5979166666666667 0.034375 0.06041666666666667
2 0.059375 0.47708333333333336 0.11875 0.19166666666666668
2 0.17734375 0.48333333333333334 0.0234375 0.00625
1 0.07890625 0.6260416666666667 0.1578125 0.16458333333333333
1 0.1515625 0.5302083333333333 0.021875 0.06041666666666667
1 0.6734375 0.259375 0.0203125 0.07395833333333333
2 0.6734375 0.23229166666666667 0.0078125 0.0125
3 0.26796875 0.9489583333333333 0.0453125 0.06145833333333333
3 0.28671875 0.934375 0.05625 0.06354166666666666
3 0.2203125 0.9177083333333333 0.046875 0.051041666666666666
4 0.384375 0.75 0.01015625 0.04791666666666667
5 0.384375 0.73125 0.00625 0.009375