2 0.43125 0.10208333333333333 0.015625 0.042708333333333334
1 0.43671875 0.11979166666666667 0.03046875 0.10520833333333333
2 0.775 0.3625 0.03046875 0.05416666666666667
1 0.784375 0.43645833333333334 0.05625 0.22708333333333333
5 0.1078125 0.7760416666666666 0.028125 0.04895833333333333
4 0.096875 0.815625 0.04609375 0.08645833333333333
1 0.4078125 0.7895833333333333 0.03046875 0.06458333333333334
1 0.40546875 0.7791666666666667 0.015625 0.034375
2 0.515625 0.7979166666666667 0.071875 0.1375
1 0.51015625 0.8697916666666666 0.0609375 0.2604166666666667
4 0.98359375 0.878125 0.0328125 0.21458333333333332
4 0.94765625 0.8385416666666666 0.034375 0.109375
5 0.98359375 0.8010416666666667 0.0328125 0.052083333333333336
5 0.9484375 0.803125 0.01875 0.03229166666666667