5 0.428125 0.07604166666666666 0.01328125 0.03229166666666667
4 0.42734375 0.096875 0.01640625 0.06145833333333333
2 0.68125 0.15104166666666666 0.0046875 0.00625
1 0.67890625 0.16770833333333332 0.009375 0.03125
3 0.559375 0.3729166666666667 0.08125 0.058333333333333334
5 0.2125 0.8333333333333334 0.0296875 0.051041666666666666
4 0.21171875 0.89375 0.071875 0.14791666666666667
1 0.12109375 0.8729166666666667 0.02109375 0.052083333333333336
2 0.12265625 0.8583333333333333 0.009375 0.015625
5 0.92109375 0.61875 0.0171875 0.0375
4 0.91875 0.6416666666666667 0.028125 0.07395833333333333