4 0.4 0.33958333333333335 0.084375 0.2375
4 0.40625 0.2760416666666667 0.053125 0.07291666666666667
1 0.82578125 0.359375 0.03359375 0.10520833333333333
2 0.8296875 0.32708333333333334 0.015625 0.03125
4 0.95234375 0.2916666666666667 0.01875 0.06145833333333333
5 0.9515625 0.27395833333333336 0.01328125 0.019791666666666666
5 0.21171875 0.89375 0.0078125 0.013541666666666667
4 0.21328125 0.9041666666666667 0.0125 0.041666666666666664
0 0.87265625 0.74375 0.021875 0.051041666666666666
4 0.88359375 0.8239583333333333 0.07265625 0.29791666666666666
5 0.88828125 0.7020833333333333 0.025 0.0375
1 0.809375 0.7239583333333334 0.01875 0.06041666666666667
2 0.8109375 0.703125 0.01015625 0.01875