5 0.19921875 0.26145833333333335 0.0703125 0.159375
4 0.19375 0.4791666666666667 0.13125 0.5791666666666667
4 0.79453125 0.36875 0.02109375 0.08958333333333333
5 0.79609375 0.32708333333333334 0.00703125 0.015625
1 0.68359375 0.3854166666666667 0.00859375 0.040625
1 0.69921875 0.3854166666666667 0.00703125 0.040625
1 0.69375 0.38333333333333336 0.00625 0.03854166666666667
1 0.68828125 0.38125 0.00625 0.041666666666666664
2 0.6828125 0.36875 0.00625 0.007291666666666667
2 0.7 0.36875 0.00390625 0.007291666666666667
2 0.69375 0.36770833333333336 0.003125 0.00625
2 0.68828125 0.36666666666666664 0.003125 0.008333333333333333