4 0.3625 0.446875 0.03828125 0.12604166666666666
5 0.3578125 0.409375 0.02421875 0.04583333333333333
1 0.53671875 0.5052083333333334 0.0375 0.15416666666666667
2 0.53046875 0.4479166666666667 0.0125 0.028125
5 0.25546875 0.8802083333333334 0.00546875 0.011458333333333333
5 0.25078125 0.8791666666666667 0.003125 0.007291666666666667
5 0.265625 0.8791666666666667 0.00234375 0.007291666666666667
5 0.26953125 0.8802083333333334 0.00390625 0.008333333333333333
4 0.25703125 0.9104166666666667 0.009375 0.07291666666666667
4 0.24921875 0.9083333333333333 0.00546875 0.06770833333333333
4 0.2703125 0.909375 0.00859375 0.065625
4 0.265625 0.9072916666666667 0.003125 0.06354166666666666
1 0.56484375 0.9354166666666667 0.0671875 0.12916666666666668
2 0.56015625 0.8927083333333333 0.02109375 0.035416666666666666