2 0.30625 0.3885416666666667 0.02109375 0.041666666666666664
1 0.30546875 0.41770833333333335 0.04140625 0.128125
1 0.8765625 0.13229166666666667 0.0109375 0.051041666666666666
1 0.82578125 0.09583333333333334 0.01015625 0.03125
2 0.87734375 0.11041666666666666 0.003125 0.00625
2 0.82421875 0.08125 0.003125 0.005208333333333333
1 0.3265625 0.878125 0.065625 0.24375
1 0.20703125 0.8604166666666667 0.0546875 0.24270833333333333
1 0.315625 0.8125 0.0390625 0.12083333333333333
1 0.36640625 0.8145833333333333 0.034375 0.1375
2 0.22109375 0.759375 0.021875 0.0375
2 0.34765625 0.7666666666666667 0.01796875 0.026041666666666668
2 0.32890625 0.7625 0.01484375 0.01875
2 0.3671875 0.76875 0.0109375 0.025
2 0.93203125 0.6041666666666666 0.01640625 0.03229166666666667
1 0.93671875 0.628125 0.02578125 0.08645833333333333
4 0.96796875 0.6260416666666667 0.03671875 0.08958333333333333
5 0.971875 0.5958333333333333 0.02421875 0.035416666666666666