4 0.35234375 0.23229166666666667 0.0109375 0.059375
1 0.2828125 0.24791666666666667 0.028125 0.041666666666666664
2 0.28203125 0.24791666666666667 0.0171875 0.041666666666666664
5 0.3515625 0.209375 0.00546875 0.0125
4 0.9671875 0.04479166666666667 0.04375 0.08958333333333333
1 0.05625 0.6395833333333333 0.00859375 0.040625
2 0.05546875 0.6239583333333333 0.0046875 0.009375
4 0.03125 0.6479166666666667 0.0140625 0.06770833333333333
5 0.03046875 0.6229166666666667 0.00625 0.0125
2 0.52890625 0.43645833333333334 0.10703125 0.2375
1 0.57421875 0.6260416666666667 0.1984375 0.7145833333333333