4 0.1078125 0.06666666666666667 0.109375 0.13333333333333333
2 0.58828125 0.125 0.021875 0.041666666666666664
2 0.6640625 0.146875 0.0203125 0.03854166666666667
2 0.70390625 0.10520833333333333 0.0171875 0.026041666666666668
1 0.6 0.21666666666666667 0.0421875 0.234375
1 0.671875 0.23125 0.0390625 0.20416666666666666
1 0.71171875 0.17708333333333334 0.028125 0.16666666666666666
3 0.36015625 0.9145833333333333 0.0453125 0.022916666666666665
3 0.634375 0.825 0.01640625 0.027083333333333334
4 0.63671875 0.7739583333333333 0.00625 0.022916666666666665
5 0.6359375 0.7645833333333333 0.00234375 0.004166666666666667