3 0.42734375 0.13020833333333334 0.0359375 0.06875
1 0.52734375 0.10416666666666667 0.00546875 0.065625
2 0.52890625 0.07916666666666666 0.00390625 0.0125
4 0.196875 0.7135416666666666 0.0484375 0.128125
5 0.19765625 0.6625 0.01875 0.05416666666666667
2 0.8171875 0.7645833333333333 0.021875 0.0375
2 0.8578125 0.7833333333333333 0.02890625 0.040625
2 0.58203125 0.7791666666666667 0.0265625 0.040625
2 0.52421875 0.7822916666666667 0.009375 0.016666666666666666
1 0.52734375 0.8354166666666667 0.02109375 0.125
1 0.5859375 0.878125 0.046875 0.24375
1 0.8640625 0.8802083333333334 0.05625 0.23958333333333334
1 0.8203125 0.8395833333333333 0.04140625 0.18958333333333333