1 0.015625 0.271875 0.03125 0.16041666666666668
1 0.0640625 0.23645833333333333 0.01796875 0.057291666666666664
2 0.01171875 0.21458333333333332 0.0234375 0.04583333333333333
1 0.62734375 0.2916666666666667 0.0453125 0.23333333333333334
1 0.55546875 0.2864583333333333 0.0609375 0.24375
1 0.60078125 0.26666666666666666 0.015625 0.19270833333333334
2 0.5765625 0.18020833333333333 0.03203125 0.029166666666666667
2 0.6046875 0.184375 0.015625 0.028125
2 0.628125 0.1875 0.025 0.035416666666666666
1 0.04140625 0.8979166666666667 0.01640625 0.11770833333333333
2 0.0390625 0.8479166666666667 0.00703125 0.015625
5 0.74609375 0.7729166666666667 0.14140625 0.22395833333333334
4 0.72578125 0.8739583333333333 0.2671875 0.2520833333333333