5 0.3046875 0.3125 0.0203125 0.0375
4 0.30625 0.3333333333333333 0.0328125 0.07916666666666666
3 0.99296875 0.3770833333333333 0.0140625 0.075
1 0.9625 0.35520833333333335 0.0546875 0.28541666666666665
2 0.97421875 0.23854166666666668 0.0265625 0.0375
3 0.3578125 0.8052083333333333 0.1078125 0.09895833333333333
3 0.29375 0.7364583333333333 0.06015625 0.07604166666666666
1 0.23828125 0.728125 0.0546875 0.25625
2 0.25078125 0.6072916666666667 0.0265625 0.014583333333333334
1 0.771875 0.96875 0.01328125 0.057291666666666664
2 0.7703125 0.9458333333333333 0.00625 0.010416666666666666