5 0.30859375 0.19895833333333332 0.0375 0.07291666666666667
4 0.30546875 0.284375 0.0609375 0.17708333333333334
4 0.4953125 0.290625 0.0734375 0.146875
5 0.50234375 0.21041666666666667 0.034375 0.09895833333333333
1 0.03359375 0.271875 0.0671875 0.17291666666666666
2 0.01875 0.228125 0.0375 0.07291666666666667
2 0.9140625 0.0375 0.034375 0.075
2 0.93828125 0.022916666666666665 0.0203125 0.04583333333333333
1 0.9109375 0.21041666666666667 0.0546875 0.4197916666666667
1 0.94453125 0.165625 0.0328125 0.33125
5 0.36796875 0.696875 0.021875 0.04791666666666667
4 0.375 0.7333333333333333 0.04140625 0.14375
1 0.6921875 0.6020833333333333 0.01796875 0.03854166666666667
2 0.68828125 0.5864583333333333 0.00546875 0.011458333333333333