4 0.44140625 0.16458333333333333 0.0546875 0.1875
5 0.4546875 0.11354166666666667 0.028125 0.06458333333333334
1 0.56484375 0.31354166666666666 0.0140625 0.07291666666666667
2 0.5671875 0.28125 0.00625 0.009375
2 0.17265625 0.9729166666666667 0.0171875 0.03229166666666667
1 0.17421875 0.9854166666666667 0.0359375 0.029166666666666667
4 0.32421875 0.984375 0.0671875 0.03125
4 0.32578125 0.9572916666666667 0.028125 0.03854166666666667
3 0.90625 0.8010416666666667 0.06171875 0.19166666666666668
4 0.8125 0.696875 0.01484375 0.052083333333333336
5 0.8125 0.690625 0.01640625 0.03229166666666667