2 0.22578125 0.225 0.01640625 0.03229166666666667
1 0.23046875 0.24895833333333334 0.02578125 0.08645833333333333
4 0.26171875 0.246875 0.03671875 0.08958333333333333
5 0.265625 0.21666666666666667 0.02421875 0.035416666666666666
3 0.5109375 0.20208333333333334 0.021875 0.10833333333333334
1 0.11484375 0.7947916666666667 0.03359375 0.12083333333333333
2 0.11953125 0.7572916666666667 0.02109375 0.034375
3 0.684375 0.5770833333333333 0.0234375 0.029166666666666667
3 0.53359375 0.6802083333333333 0.0671875 0.09375
3 0.665625 0.75 0.13984375 0.12604166666666666
3 0.6296875 0.6875 0.1 0.06666666666666667