3 0.76796875 0.0625 0.0359375 0.04895833333333333
1 0.7875 0.019791666666666666 0.0125 0.03958333333333333
2 0.7859375 0.003125 0.00625 0.00625
4 0.840625 0.0125 0.028125 0.025
3 0.26796875 0.6541666666666667 0.0265625 0.04583333333333333
3 0.290625 0.578125 0.02578125 0.03125
1 0.178125 0.4791666666666667 0.00625 0.026041666666666668
2 0.178125 0.46979166666666666 0.003125 0.00625
5 0.70390625 0.590625 0.02890625 0.05520833333333333
4 0.70078125 0.646875 0.06328125 0.10625
3 0.45234375 0.8125 0.04375 0.052083333333333336