5 0.3328125 0.2 0.02421875 0.04479166666666667
4 0.33046875 0.24375 0.04453125 0.10833333333333334
5 0.77890625 0.11979166666666667 0.01484375 0.035416666666666666
4 0.77734375 0.16145833333333334 0.03125 0.07604166666666666
4 0.359375 0.7 0.0328125 0.18854166666666666
4 0.53671875 0.7322916666666667 0.0265625 0.15416666666666667
4 0.46953125 0.6447916666666667 0.0140625 0.05416666666666667
4 0.41640625 0.63125 0.01875 0.051041666666666666
5 0.3625 0.621875 0.01171875 0.020833333333333332
5 0.5390625 0.6697916666666667 0.009375 0.01875
5 0.4671875 0.6260416666666667 0.00546875 0.008333333333333333
5 0.4140625 0.6104166666666667 0.00390625 0.005208333333333333
3 0.9296875 0.95 0.140625 0.1