5 0.453125 0.08333333333333333 0.0296875 0.051041666666666666
4 0.45234375 0.14375 0.071875 0.14791666666666667
1 0.36171875 0.12291666666666666 0.02109375 0.052083333333333336
2 0.36328125 0.10833333333333334 0.009375 0.015625
5 0.8359375 0.11145833333333334 0.040625 0.06145833333333333
4 0.8359375 0.18229166666666666 0.0671875 0.16666666666666666
3 0.71484375 0.19895833333333332 0.04140625 0.057291666666666664
5 0.41953125 0.70625 0.0140625 0.022916666666666665
4 0.425 0.7395833333333334 0.0375 0.09583333333333334
0 0.3328125 0.9177083333333333 0.02265625 0.040625
5 0.96796875 0.7375 0.03203125 0.057291666666666664
4 0.97421875 0.78125 0.0375 0.11145833333333334