2 0.278125 0.14270833333333333 0.09296875 0.20833333333333334
1 0.3046875 0.21145833333333333 0.171875 0.33541666666666664
4 0.7828125 0.08333333333333333 0.0265625 0.06979166666666667
5 0.78125 0.0625 0.01875 0.021875
3 0.23359375 0.7166666666666667 0.078125 0.06979166666666667
3 0.115625 0.68125 0.08671875 0.07395833333333333
3 0.20078125 0.678125 0.0609375 0.03854166666666667
3 0.29921875 0.6895833333333333 0.040625 0.04583333333333333
1 0.32890625 0.6604166666666667 0.03359375 0.17395833333333333
2 0.328125 0.5895833333333333 0.0203125 0.029166666666666667
3 0.81171875 0.7208333333333333 0.05546875 0.041666666666666664
1 0.76015625 0.6729166666666667 0.02265625 0.1125
2 0.7578125 0.640625 0.0125 0.029166666666666667