4 0.209375 0.14166666666666666 0.04140625 0.1125
5 0.21484375 0.1125 0.01796875 0.026041666666666668
2 0.1921875 0.11770833333333333 0.0140625 0.034375
1 0.690625 0.37083333333333335 0.053125 0.058333333333333334
1 0.70078125 0.30416666666666664 0.03203125 0.07604166666666666
1 0.65078125 0.3177083333333333 0.0234375 0.16458333333333333
2 0.6484375 0.2552083333333333 0.0140625 0.022916666666666665
2 0.6953125 0.36875 0.02421875 0.042708333333333334
2 0.70625 0.2791666666666667 0.01484375 0.021875
2 0.93515625 0.3885416666666667 0.0390625 0.022916666666666665
1 0.078125 0.7541666666666667 0.05703125 0.19270833333333334
1 0.328125 0.7916666666666666 0.08125 0.3020833333333333
1 0.4125 0.784375 0.065625 0.31979166666666664
1 0.61484375 0.80625 0.0484375 0.3875
2 0.06640625 0.6802083333333333 0.021875 0.041666666666666664
2 0.3375 0.6770833333333334 0.0328125 0.06458333333333334
2 0.421875 0.659375 0.0265625 0.06041666666666667