2 0.37578125 0.17708333333333334 0.01484375 0.022916666666666665
1 0.37578125 0.19166666666666668 0.021875 0.06041666666666667
4 0.734375 0.4166666666666667 0.0453125 0.1125
5 0.73515625 0.38333333333333336 0.021875 0.03854166666666667
3 0.15859375 0.8302083333333333 0.02421875 0.013541666666666667
1 0.14140625 0.809375 0.00703125 0.04479166666666667
2 0.13984375 0.7916666666666666 0.00234375 0.00625
3 0.72578125 0.825 0.0359375 0.04895833333333333
1 0.7453125 0.778125 0.0125 0.051041666666666666
2 0.74453125 0.7604166666666666 0.00625 0.01875
4 0.7984375 0.75 0.028125 0.07708333333333334
5 0.796875 0.7177083333333333 0.01484375 0.034375