4 0.4203125 0.08020833333333334 0.05625 0.16041666666666668
5 0.415625 0.014583333333333334 0.034375 0.029166666666666667
5 0.64296875 0.19166666666666668 0.03359375 0.06666666666666667
5 0.76640625 0.19583333333333333 0.0234375 0.041666666666666664
5 0.96484375 0.18541666666666667 0.05 0.09895833333333333
4 0.6359375 0.3375 0.08125 0.3416666666666667
4 0.76171875 0.2989583333333333 0.04765625 0.253125
4 0.93125 0.32083333333333336 0.121875 0.375
5 0.3734375 0.659375 0.02265625 0.0375
5 0.3765625 0.725 0.0375 0.18020833333333333
4 0.62109375 0.875 0.02890625 0.103125
5 0.6203125 0.8510416666666667 0.015625 0.028125