1 0.30703125 0.396875 0.0734375 0.23333333333333334
2 0.3140625 0.3260416666666667 0.04609375 0.04583333333333333
1 0.63828125 0.40208333333333335 0.1390625 0.42916666666666664
2 0.61796875 0.3072916666666667 0.0984375 0.18958333333333333
4 0.08984375 0.834375 0.1421875 0.33125
5 0.59609375 0.8541666666666666 0.03359375 0.06666666666666667
5 0.71953125 0.8583333333333333 0.0234375 0.041666666666666664
5 0.91796875 0.8479166666666667 0.05 0.09895833333333333
4 0.59921875 0.9145833333333333 0.0609375 0.17083333333333334
4 0.7140625 0.9166666666666666 0.046875 0.16666666666666666
4 0.884375 0.8979166666666667 0.121875 0.20416666666666666