4 0.4640625 0.20833333333333334 0.0328125 0.18854166666666666
4 0.64140625 0.240625 0.0265625 0.15416666666666667
4 0.57421875 0.153125 0.0140625 0.05416666666666667
4 0.52109375 0.13958333333333334 0.01875 0.051041666666666666
5 0.4671875 0.13020833333333334 0.01171875 0.020833333333333332
5 0.64375 0.178125 0.009375 0.01875
5 0.571875 0.134375 0.00546875 0.008333333333333333
5 0.51875 0.11875 0.00390625 0.005208333333333333
5 0.3796875 0.9895833333333334 0.015625 0.020833333333333332
1 0.8578125 0.9760416666666667 0.025 0.04791666666666667
2 0.85859375 0.96875 0.0140625 0.026041666666666668