4 0.2015625 0.228125 0.04375 0.12916666666666668
5 0.2 0.1875 0.0265625 0.041666666666666664
5 0.81796875 0.19791666666666666 0.02265625 0.052083333333333336
4 0.82109375 0.23645833333333333 0.05234375 0.14166666666666666
5 0.49765625 0.9708333333333333 0.0234375 0.0375
5 0.4109375 0.9739583333333334 0.02265625 0.029166666666666667
5 0.34609375 0.965625 0.0203125 0.025
4 0.3484375 0.975 0.034375 0.05
4 0.4109375 0.978125 0.05 0.04375
0 0.3453125 0.984375 0.015625 0.03125
2 0.865625 0.7125 0.025 0.057291666666666664
1 0.87109375 0.7677083333333333 0.0453125 0.17291666666666666