3 0.20234375 0.6020833333333333 0.0890625 0.1125
1 0.496875 0.2625 0.05390625 0.20833333333333334
1 0.49296875 0.196875 0.03046875 0.06770833333333333
4 0.18125 0.74375 0.01875 0.05520833333333333
5 0.17890625 0.7260416666666667 0.0078125 0.013541666666666667
4 0.6125 0.91875 0.065625 0.1625
5 0.61875 0.8614583333333333 0.0171875 0.035416666666666666
1 0.66328125 0.9333333333333333 0.0296875 0.13333333333333333
2 0.68046875 0.875 0.01796875 0.021875
1 0.67421875 0.753125 0.015625 0.084375
2 0.6796875 0.71875 0.00546875 0.014583333333333334