4 0.14921875 0.017708333333333333 0.0578125 0.035416666666666666
4 0.88359375 0.19166666666666668 0.02890625 0.08229166666666667
5 0.884375 0.16875 0.015625 0.022916666666666665
0 0.34453125 0.5322916666666667 0.02421875 0.052083333333333336
4 0.334375 0.5885416666666666 0.06171875 0.271875
4 0.46953125 0.5895833333333333 0.0625 0.2625
5 0.3203125 0.4864583333333333 0.03984375 0.06458333333333334
5 0.45859375 0.490625 0.0375 0.06458333333333334
3 0.87109375 0.8208333333333333 0.08671875 0.0875
4 0.9703125 0.6875 0.02109375 0.058333333333333334
5 0.9703125 0.675 0.0125 0.019791666666666666