1 0.13828125 0.08958333333333333 0.025 0.06145833333333333
2 0.13828125 0.06875 0.0140625 0.021875
4 0.23359375 0.096875 0.03125 0.07708333333333334
4 0.23203125 0.07083333333333333 0.01796875 0.034375
5 0.81953125 0.321875 0.0109375 0.025
4 0.8203125 0.36770833333333336 0.02109375 0.11875
1 0.97421875 0.378125 0.0515625 0.18125
2 0.984375 0.30833333333333335 0.0265625 0.034375
5 0.0828125 0.48541666666666666 0.00390625 0.005208333333333333
4 0.08359375 0.5072916666666667 0.01171875 0.052083333333333336
1 0.11328125 0.5625 0.028125 0.18645833333333334
2 0.1109375 0.4895833333333333 0.0140625 0.036458333333333336
1 0.67421875 0.6416666666666667 0.01484375 0.04583333333333333