3 0.24140625 0.1875 0.0359375 0.04895833333333333
1 0.2609375 0.140625 0.0125 0.051041666666666666
2 0.26015625 0.12291666666666666 0.00625 0.01875
4 0.3140625 0.1125 0.028125 0.07708333333333334
5 0.3125 0.08020833333333334 0.01484375 0.034375
4 0.59765625 0.4166666666666667 0.0265625 0.025
5 0.59921875 0.4166666666666667 0.0109375 0.025
4 0.084375 0.5322916666666667 0.0578125 0.109375
5 0.08046875 0.478125 0.02421875 0.051041666666666666
3 0.03203125 0.69375 0.0640625 0.12916666666666668
3 0.89609375 0.75 0.096875 0.1375