1 0.9140625 0.34270833333333334 0.025 0.09375
2 0.91484375 0.3125 0.0140625 0.026041666666666668
5 0.196875 0.5916666666666667 0.02421875 0.035416666666666666
4 0.2 0.609375 0.03125 0.08020833333333334
1 0.0890625 0.8104166666666667 0.178125 0.37916666666666665
2 0.05078125 0.5489583333333333 0.1015625 0.27291666666666664
3 0.8625 0.7614583333333333 0.0453125 0.07083333333333333
3 0.90703125 0.8395833333333333 0.07734375 0.103125
3 0.97265625 0.8614583333333333 0.0546875 0.08541666666666667
1 0.82421875 0.6864583333333333 0.0234375 0.08333333333333333
2 0.82265625 0.6635416666666667 0.0125 0.022916666666666665
0 0.90390625 0.8916666666666667 0.0265625 0.04583333333333333