3 0.075 0.24583333333333332 0.14921875 0.2635416666666667
4 0.892578125 0.08229166666666667 0.8916015625 0.07361111041666667 0.8876953125 0.07361111041666667 0.88671875 0.08576388958333332 0.8828125 0.09618055625 0.88671875 0.11006944375000001 0.884765625 0.134375 0.8916015625 0.15694444375 0.89453125 0.15173611041666665 0.892578125 0.14479166666666668 0.8935546875 0.12916666666666668 0.89453125 0.13784722291666668 0.8984375 0.14479166666666668 0.8984375 0.15868055625000002 0.9013671875 0.16388888958333334 0.90234375 0.16215277708333334 0.90234375 0.14131944375 0.8984375 0.12048611041666667 0.8984375 0.103125 0.90234375 0.09618055625 0.8974609375 0.08402777708333334 0.892578125 0.08229166666666667
4 0.921875 0.11354166666666667 0.916015625 0.134375 0.916015625 0.14826388958333334 0.9189453125 0.15 0.921875 0.14479166666666668 0.921875 0.134375 0.9287109375 0.12569444375 0.94140625 0.15520833333333334 0.943359375 0.165625 0.9453125 0.165625 0.947265625 0.15868055625000002 0.935546875 0.12048611041666667 0.935546875 0.09270833333333334 0.9248046875 0.07708333333333334 0.91796875 0.09965277708333334 0.921875 0.11354166666666667
4 0.798828125 0.030208333333333334 0.798828125 0.026736110416666667 0.796875 0.023263889583333332 0.796875 0.019791666666666666 0.7958984375 0.01805555625 0.7939453125 0.01805555625 0.79296875 0.019791666666666666 0.79296875 0.023263889583333332 0.791015625 0.026736110416666667 0.791015625 0.06145833333333333 0.7919921875 0.06319444375 0.794921875 0.05798611041666667 0.794921875 0.054513889583333336 0.7958984375 0.05277777708333333 0.7978515625 0.05277777708333333 0.798828125 0.054513889583333336 0.798828125 0.05798611041666667 0.80078125 0.06145833333333333 0.80078125 0.06493055625000001 0.8017578125 0.06666666666666667 0.8037109375 0.06666666666666667 0.8046875 0.06493055625000001 0.8046875 0.054513889583333336 0.802734375 0.051041666666666666 0.802734375 0.04756944375 0.80078125 0.044097222916666665 0.80078125 0.03368055625 0.798828125 0.030208333333333334
5 0.88671875 0.08229166666666667 0.8876953125 0.08402777708333334 0.8896484375 0.08402777708333334 0.890625 0.08229166666666667 0.892578125 0.07881944375000001 0.892578125 0.07534722291666666 0.8916015625 0.07361111041666667 0.8876953125 0.07361111041666667 0.88671875 0.07534722291666666 0.88671875 0.08229166666666667
5 0.925 0.08229166666666667 0.0046875 0.008333333333333333
5 0.79453125 0.019791666666666666 0.003125 0.004166666666666667
3 0.3125 0.8916666666666667 0.159375 0.21666666666666667
4 0.59453125 0.93125 0.0328125 0.1375
4 0.77265625 0.95625 0.0265625 0.0875
4 0.70546875 0.903125 0.0140625 0.05416666666666667
4 0.65234375 0.8895833333333333 0.01875 0.051041666666666666
5 0.5984375 0.8802083333333334 0.01171875 0.020833333333333332
5 0.775 0.928125 0.009375 0.01875
5 0.703125 0.884375 0.00546875 0.008333333333333333
5 0.65 0.86875 0.00390625 0.005208333333333333