5 0.5 0.125 0.0125 0.028125
4 0.503125 0.1375 0.01484375 0.04583333333333333
1 0.38046875 0.21875 0.0296875 0.07916666666666666
2 0.38125 0.20208333333333334 0.0203125 0.034375
1 0.6671875 0.20833333333333334 0.0203125 0.090625
1 0.621875 0.2 0.009375 0.05
2 0.6625 0.17291666666666666 0.0078125 0.015625
2 0.62109375 0.18125 0.00625 0.009375
5 0.41640625 0.7854166666666667 0.02265625 0.042708333333333334
4 0.41640625 0.821875 0.0375 0.121875
3 0.7515625 0.8666666666666667 0.04140625 0.08333333333333333