4 0.36171875 0.5135416666666667 0.0203125 0.07291666666666667
4 0.36171875 0.5 0.0140625 0.028125
2 0.78671875 0.0875 0.021875 0.029166666666666667
1 0.79140625 0.11770833333333333 0.0265625 0.08645833333333333
4 0.96328125 0.125 0.046875 0.16666666666666666
5 0.96484375 0.07604166666666666 0.02890625 0.05416666666666667
4 0.9015625 0.11145833333333334 0.0125 0.041666666666666664
4 0.01875 0.8447916666666667 0.02109375 0.06770833333333333
5 0.01796875 0.8197916666666667 0.0109375 0.021875
3 0.58984375 0.6541666666666667 0.01875 0.029166666666666667
3 0.559375 0.56875 0.01640625 0.0125
3 0.596875 0.5895833333333333 0.009375 0.01875