2 0.08828125 0.009375 0.0171875 0.01875
1 0.090625 0.03333333333333333 0.0359375 0.06041666666666667
4 0.240625 0.04583333333333333 0.0671875 0.090625
3 0.78203125 0.2760416666666667 0.03984375 0.128125
4 0.296875 0.5375 0.046875 0.058333333333333334
4 0.67890625 0.5979166666666667 0.01328125 0.078125
4 0.6984375 0.5916666666666667 0.0125 0.07291666666666667
1 0.653125 0.5229166666666667 0.0046875 0.020833333333333332
1 0.6296875 0.53125 0.00546875 0.021875
2 0.653125 0.5145833333333333 0.00390625 0.007291666666666667
5 0.6796875 0.5645833333333333 0.00703125 0.013541666666666667
5 0.69921875 0.5604166666666667 0.00703125 0.014583333333333334