5 0.353125 0.029166666666666667 0.01796875 0.04791666666666667
4 0.353125 0.05416666666666667 0.0328125 0.084375
1 0.8484375 0.11666666666666667 0.065625 0.23333333333333334
1 0.72890625 0.08541666666666667 0.0546875 0.17083333333333334
1 0.83671875 0.03125 0.0390625 0.0625
1 0.8875 0.036458333333333336 0.034375 0.07291666666666667
2 0.33671875 0.7135416666666666 0.02109375 0.03229166666666667
1 0.33828125 0.7583333333333333 0.0328125 0.115625
2 0.61953125 0.89375 0.02421875 0.041666666666666664
2 0.71953125 0.890625 0.0203125 0.03854166666666667
2 0.7875 0.9 0.025 0.042708333333333334
1 0.62421875 0.9354166666666667 0.0453125 0.12916666666666668
1 0.73125 0.9354166666666667 0.040625 0.12916666666666668
1 0.8 0.9375 0.05 0.125