2 0.2078125 0.271875 0.0328125 0.07083333333333333
1 0.1984375 0.3625 0.059375 0.2125
1 0.28984375 0.30625 0.01796875 0.06145833333333333
1 0.7859375 0.21458333333333332 0.2125 0.378125
2 0.81328125 0.04895833333333333 0.0890625 0.09791666666666667
2 0.33203125 0.6989583333333333 0.021875 0.0375
1 0.33203125 0.7354166666666667 0.04453125 0.12604166666666666
3 0.525 0.7552083333333334 0.05 0.10208333333333333
3 0.58359375 0.7791666666666667 0.0671875 0.084375
3 0.721875 0.80625 0.090625 0.06770833333333333
0 0.5109375 0.8083333333333333 0.021875 0.04583333333333333