5 0.4578125 0.3614583333333333 0.02265625 0.04583333333333333
4 0.45625 0.390625 0.0375 0.06979166666666667
3 0.56796875 0.525 0.01796875 0.05416666666666667
3 0.5296875 0.453125 0.01640625 0.014583333333333334
1 0.521875 0.42291666666666666 0.00546875 0.020833333333333332
2 0.521875 0.415625 0.003125 0.005208333333333333
5 0.45390625 0.7322916666666667 0.02421875 0.03854166666666667
5 0.365625 0.734375 0.02265625 0.029166666666666667
5 0.30078125 0.7260416666666667 0.0203125 0.025
4 0.30390625 0.7885416666666667 0.03359375 0.15416666666666667
4 0.365625 0.80625 0.05 0.17916666666666667
4 0.4546875 0.80625 0.05625 0.19791666666666666
0 0.30078125 0.7479166666666667 0.01484375 0.035416666666666666
5 0.80703125 0.646875 0.0109375 0.014583333333333334
5 0.8078125 0.6666666666666666 0.021875 0.05416666666666667
1 0.76484375 0.703125 0.0390625 0.12708333333333333
2 0.76796875 0.6520833333333333 0.0171875 0.025