3 0.596875 0.21354166666666666 0.0734375 0.26979166666666665
1 0.40078125 0.09791666666666667 0.0390625 0.10208333333333333
2 0.3984375 0.06875 0.028125 0.0375
5 0.70859375 0.00625 0.0265625 0.0125
4 0.71171875 0.057291666666666664 0.0515625 0.11458333333333333
4 0.159375 0.9010416666666666 0.103125 0.19791666666666666
0 0.12734375 0.9302083333333333 0.0375 0.08958333333333333
5 0.1640625 0.8364583333333333 0.04453125 0.06770833333333333
4 0.9671875 0.953125 0.03125 0.09375
5 0.9703125 0.921875 0.01484375 0.022916666666666665
3 0.9390625 0.98125 0.021875 0.0375