4 0.16328125 0.31354166666666666 0.04921875 0.12395833333333334
4 0.1625 0.28125 0.03203125 0.058333333333333334
1 0.64921875 0.16041666666666668 0.0359375 0.17395833333333333
2 0.65390625 0.09583333333333334 0.021875 0.035416666666666666
1 0.8203125 0.015625 0.00390625 0.026041666666666668
2 0.82109375 0.00625 0.00234375 0.004166666666666667
4 0.98984375 0.09479166666666666 0.0203125 0.10625
5 0.9859375 0.052083333333333336 0.009375 0.021875
4 0.2453125 0.6125 0.078125 0.06666666666666667
2 0.6109375 0.6520833333333333 0.009375 0.025
1 0.6109375 0.6854166666666667 0.03125 0.10520833333333333