4 0.31953125 0.215625 0.05234375 0.16770833333333332
5 0.31484375 0.16458333333333333 0.03046875 0.04895833333333333
5 0.20078125 0.6458333333333334 0.0140625 0.028125
4 0.21171875 0.696875 0.03125 0.13541666666666666
1 0.93359375 0.6958333333333333 0.00859375 0.040625
1 0.94921875 0.6958333333333333 0.00703125 0.040625
1 0.94375 0.69375 0.00625 0.03854166666666667
1 0.93828125 0.6916666666666667 0.00625 0.041666666666666664
2 0.9328125 0.6791666666666667 0.00625 0.007291666666666667
2 0.95 0.6791666666666667 0.00390625 0.007291666666666667
2 0.94375 0.678125 0.003125 0.00625
2 0.93828125 0.6770833333333334 0.003125 0.008333333333333333