4 0.17421875 0.08229166666666667 0.025 0.07708333333333334
5 0.17109375 0.065625 0.0171875 0.026041666666666668
1 0.54375 0.4270833333333333 0.05703125 0.19270833333333334
1 0.79375 0.440625 0.08125 0.25625
1 0.878125 0.4322916666666667 0.065625 0.27291666666666664
2 0.53203125 0.353125 0.021875 0.041666666666666664
2 0.803125 0.35 0.0328125 0.06458333333333334
2 0.8875 0.33229166666666665 0.0265625 0.06041666666666667
1 0.3703125 0.5989583333333334 0.034375 0.06041666666666667
2 0.6484375 0.8635416666666667 0.02109375 0.041666666666666664
1 0.64765625 0.8927083333333333 0.04140625 0.128125