2 0.0796875 0.11041666666666666 0.02109375 0.04479166666666667
1 0.08203125 0.15833333333333333 0.03828125 0.11875
5 0.9109375 0.46770833333333334 0.0109375 0.016666666666666666
5 0.884375 0.3125 0.00390625 0.009375
4 0.9125 0.5020833333333333 0.01953125 0.08541666666666667
4 0.884375 0.325 0.00859375 0.03333333333333333
2 0.265625 0.7479166666666667 0.015625 0.025
2 0.359375 0.746875 0.01640625 0.028125
1 0.36015625 0.8145833333333333 0.046875 0.17083333333333334
1 0.26640625 0.8145833333333333 0.03125 0.15625
3 0.5890625 0.9604166666666667 0.06171875 0.07395833333333333
3 0.63046875 0.8885416666666667 0.05 0.035416666666666666