1 0.39921875 0.16770833333333332 0.04375 0.16041666666666668
1 0.4515625 0.13125 0.015625 0.058333333333333334
2 0.39765625 0.11145833333333334 0.0296875 0.04583333333333333
1 0.575 0.18541666666666667 0.05703125 0.19270833333333334
1 0.825 0.22291666666666668 0.08125 0.3020833333333333
1 0.909375 0.215625 0.065625 0.31979166666666664
2 0.56328125 0.11145833333333334 0.021875 0.041666666666666664
2 0.834375 0.10833333333333334 0.0328125 0.06458333333333334
2 0.91875 0.090625 0.0265625 0.06041666666666667
5 0.12109375 0.746875 0.03125 0.05520833333333333
4 0.12734375 0.8083333333333333 0.05703125 0.12395833333333334