4 0.2421875 0.04479166666666667 0.015625 0.04479166666666667
5 0.24140625 0.03333333333333333 0.0125 0.016666666666666666
2 0.79140625 0.33541666666666664 0.0125 0.01875
1 0.7921875 0.34375 0.0171875 0.0375
0 0.29296875 0.7197916666666667 0.02421875 0.052083333333333336
4 0.2828125 0.7760416666666666 0.06171875 0.271875
4 0.41796875 0.7770833333333333 0.0625 0.2625
4 0.4828125 0.80625 0.071875 0.3875
5 0.26875 0.6739583333333333 0.03984375 0.06458333333333334
5 0.40703125 0.678125 0.0375 0.06458333333333334
5 0.49375 0.6833333333333333 0.05 0.11666666666666667