4 0.13671875 0.44375 0.06171875 0.134375
5 0.14609375 0.41354166666666664 0.02265625 0.04895833333333333
4 0.7484375 0.146875 0.009375 0.06041666666666667
5 0.74921875 0.12291666666666666 0.00546875 0.008333333333333333
1 0.7734375 0.140625 0.0078125 0.03854166666666667
2 0.77421875 0.125 0.0046875 0.005208333333333333
4 0.03203125 0.6052083333333333 0.01484375 0.04791666666666667
5 0.03125 0.59375 0.009375 0.022916666666666665
4 0.69921875 0.7291666666666666 0.01796875 0.051041666666666666
5 0.70078125 0.7135416666666666 0.009375 0.013541666666666667
3 0.8 0.9052083333333333 0.0828125 0.16041666666666668