4 0.82109375 0.20625 0.021875 0.12916666666666668
5 0.82265625 0.153125 0.0078125 0.01875
3 0.7609375 0.18645833333333334 0.01171875 0.017708333333333333
3 0.7546875 0.165625 0.0125 0.015625
3 0.7484375 0.1375 0.0125 0.015625
3 0.73125 0.10208333333333333 0.0109375 0.007291666666666667
1 0.73984375 0.10104166666666667 0.0078125 0.027083333333333334
2 0.7390625 0.090625 0.00234375 0.004166666666666667
1 0.23125 0.7802083333333333 0.04453125 0.12916666666666668
2 0.2234375 0.7479166666666667 0.02109375 0.04791666666666667
1 0.9671875 0.6708333333333333 0.021875 0.115625
2 0.96328125 0.625 0.01328125 0.016666666666666666