4 0.36171875 0.05 0.0578125 0.1
5 0.3578125 0.008333333333333333 0.025 0.016666666666666666
3 0.28203125 0.209375 0.1203125 0.128125
3 0.909375 0.24270833333333333 0.0328125 0.034375
4 0.93203125 0.3260416666666667 0.0671875 0.16458333333333333
5 0.9375 0.27395833333333336 0.02890625 0.052083333333333336
1 0.1765625 0.55 0.01328125 0.04791666666666667
3 0.15546875 0.5947916666666667 0.03359375 0.034375
2 0.178125 0.5322916666666667 0.00859375 0.015625
4 0.228125 0.51875 0.028125 0.06979166666666667
5 0.22890625 0.496875 0.015625 0.03125