2 0.13671875 0.019791666666666666 0.0234375 0.03958333333333333
1 0.14296875 0.08020833333333334 0.0421875 0.16041666666666668
4 0.93046875 0.13229166666666667 0.06875 0.13229166666666667
4 0.94296875 0.075 0.0375 0.04895833333333333
3 0.196875 0.7427083333333333 0.115625 0.12395833333333334
1 0.425 0.5770833333333333 0.025 0.052083333333333336
4 0.84453125 0.9697916666666667 0.0140625 0.06041666666666667
5 0.84765625 0.9489583333333333 0.00703125 0.0125
4 0.8640625 0.9677083333333333 0.0125 0.06458333333333334
4 0.8375 0.9302083333333333 0.00703125 0.034375
1 0.81953125 0.9052083333333333 0.00546875 0.021875
1 0.79609375 0.9125 0.009375 0.019791666666666666
2 0.81875 0.8958333333333334 0.003125 0.00625
5 0.86484375 0.9416666666666667 0.00546875 0.014583333333333334