1 0.2546875 0.378125 0.03125 0.09895833333333333
2 0.25234375 0.3489583333333333 0.01796875 0.0375
3 0.5078125 0.43645833333333334 0.05625 0.06458333333333334
5 0.29375 0.6760416666666667 0.003125 0.00625
5 0.284375 0.696875 0.01875 0.035416666666666666
4 0.28203125 0.7375 0.02109375 0.09895833333333333
4 0.61796875 0.8375 0.021875 0.12916666666666668
5 0.61953125 0.784375 0.0078125 0.01875
3 0.5578125 0.8177083333333334 0.01171875 0.017708333333333333
3 0.5515625 0.796875 0.0125 0.015625
3 0.5453125 0.76875 0.0125 0.015625
3 0.528125 0.7333333333333333 0.0109375 0.007291666666666667
1 0.53671875 0.7322916666666667 0.0078125 0.027083333333333334
2 0.5359375 0.721875 0.00234375 0.004166666666666667