4 0.25546875 0.13333333333333333 0.05625 0.1125
5 0.2625 0.09166666666666666 0.028125 0.04791666666666667
2 0.63203125 0.2791666666666667 0.0453125 0.2
1 0.67890625 0.2625 0.1390625 0.23333333333333334
5 0.3390625 0.740625 0.015625 0.025
4 0.33828125 0.7510416666666667 0.02421875 0.05416666666666667
3 0.1875 0.903125 0.08828125 0.10625
4 0.81953125 0.640625 0.01328125 0.090625
4 0.8640625 0.615625 0.00859375 0.03958333333333333
5 0.821875 0.6041666666666666 0.0078125 0.016666666666666666
5 0.86484375 0.6010416666666667 0.0046875 0.008333333333333333