2 0.1234375 0.14375 0.02421875 0.040625
1 0.125 0.20729166666666668 0.04921875 0.16354166666666667
3 0.6640625 0.3385416666666667 0.0734375 0.26979166666666665
4 0.07734375 0.6229166666666667 0.01640625 0.08645833333333333
5 0.07265625 0.5854166666666667 0.0078125 0.0125
5 0.68671875 0.6333333333333333 0.03359375 0.06666666666666667
5 0.81015625 0.6375 0.0234375 0.041666666666666664
5 0.99140625 0.6270833333333333 0.0171875 0.09583333333333334
4 0.68046875 0.7802083333333333 0.08046875 0.34270833333333334
4 0.80546875 0.740625 0.04765625 0.253125
4 0.95703125 0.7875 0.0859375 0.4166666666666667