4 0.34140625 0.2916666666666667 0.05 0.1375
5 0.3484375 0.2520833333333333 0.0296875 0.05520833333333333
3 0.70390625 0.19479166666666667 0.0453125 0.06145833333333333
3 0.72265625 0.18020833333333333 0.05625 0.06354166666666666
3 0.65625 0.16354166666666667 0.046875 0.051041666666666666
4 0.81953125 0.009375 0.0109375 0.01875
5 0.3046875 0.8697916666666666 0.0125 0.021875
4 0.3046875 0.9083333333333333 0.021875 0.096875
3 0.953125 0.8270833333333333 0.09375 0.05
1 0.953125 0.678125 0.01796875 0.08229166666666667
2 0.95390625 0.65 0.00859375 0.014583333333333334