4 0.28046875 0.409375 0.084375 0.11770833333333333
5 0.28515625 0.3375 0.053125 0.05416666666666667
2 0.5625 0.35833333333333334 0.015625 0.025
2 0.65625 0.3572916666666667 0.01640625 0.028125
2 0.76640625 0.3489583333333333 0.02578125 0.0375
1 0.77421875 0.409375 0.0546875 0.16041666666666668
1 0.65625 0.41458333333333336 0.046875 0.15
1 0.5640625 0.41770833333333335 0.028125 0.14375
4 0.30625 0.54375 0.071875 0.10833333333333334
4 0.47109375 0.546875 0.0609375 0.11458333333333333
4 0.5203125 0.6979166666666666 0.059375 0.4166666666666667
5 0.63984375 0.7447916666666666 0.02890625 0.052083333333333336