1 0.19296875 0.04375 0.0453125 0.0875
2 0.19453125 0.004166666666666667 0.0203125 0.008333333333333333
3 0.48515625 0.603125 0.0578125 0.084375
4 0.840625 0.6364583333333333 0.025 0.13125
5 0.8375 0.578125 0.01328125 0.025
1 0.6734375 0.6729166666666667 0.0078125 0.040625
1 0.6609375 0.671875 0.00703125 0.04375
1 0.65546875 0.6677083333333333 0.00703125 0.03854166666666667
1 0.665625 0.6697916666666667 0.00546875 0.03958333333333333
2 0.6734375 0.65625 0.00390625 0.00625
2 0.6609375 0.6541666666666667 0.00390625 0.00625
2 0.65625 0.6520833333333333 0.003125 0.005208333333333333
2 0.6640625 0.653125 0.00390625 0.005208333333333333