1 0.90859375 0.31979166666666664 0.025 0.090625
2 0.9078125 0.290625 0.0125 0.029166666666666667
1 0.05703125 0.8479166666666667 0.06484375 0.29791666666666666
1 0.021875 0.7229166666666667 0.01328125 0.06145833333333333
3 0.17734375 0.9427083333333334 0.1625 0.103125
2 0.0515625 0.73125 0.0328125 0.06458333333333334
2 0.021875 0.7 0.00625 0.011458333333333333
1 0.909375 0.8 0.0703125 0.30416666666666664
1 0.87109375 0.7677083333333333 0.028125 0.20416666666666666
1 0.66796875 0.6020833333333333 0.04453125 0.13854166666666667
2 0.90703125 0.6833333333333333 0.025 0.04479166666666667
2 0.878125 0.69375 0.0171875 0.03854166666666667
2 0.66640625 0.55 0.015625 0.028125