4 0.26015625 0.16666666666666666 0.07890625 0.16770833333333332
4 0.27109375 0.12291666666666666 0.04921875 0.05520833333333333
1 0.6921875 0.38958333333333334 0.06875 0.1
2 0.69140625 0.39791666666666664 0.028125 0.07916666666666666
5 0.13828125 0.45416666666666666 0.0203125 0.029166666666666667
4 0.1390625 0.48854166666666665 0.04140625 0.06354166666666666
1 0.04296875 0.48020833333333335 0.02578125 0.042708333333333334
2 0.0421875 0.45729166666666665 0.01328125 0.026041666666666668
3 0.98203125 0.6270833333333333 0.01640625 0.014583333333333334
1 0.975 0.5958333333333333 0.00625 0.022916666666666665
2 0.975 0.5864583333333333 0.0015625 0.003125
1 0.95390625 0.603125 0.01015625 0.025