5 0.2359375 0.08333333333333333 0.02421875 0.035416666666666666
4 0.2390625 0.10104166666666667 0.03125 0.08020833333333334
1 0.10859375 0.33541666666666664 0.2171875 0.44583333333333336
2 0.0703125 0.08854166666666667 0.140625 0.17708333333333334
5 0.7921875 0.004166666666666667 0.0046875 0.007291666666666667
1 0.725 0.06458333333333334 0.01171875 0.06145833333333333
2 0.7265625 0.041666666666666664 0.00625 0.011458333333333333
3 0.77578125 0.08333333333333333 0.0234375 0.022916666666666665
4 0.79296875 0.016666666666666666 0.00703125 0.03333333333333333
1 0.9640625 0.953125 0.065625 0.09375
1 0.84453125 0.94375 0.0546875 0.1125
1 0.95234375 0.9510416666666667 0.0390625 0.09791666666666667
1 0.99296875 0.9479166666666666 0.0140625 0.10416666666666667
2 0.85859375 0.909375 0.021875 0.0375
2 0.98515625 0.9166666666666666 0.01796875 0.026041666666666668
2 0.96640625 0.9125 0.01484375 0.01875