5 0.42109375 0.19583333333333333 0.0421875 0.07604166666666666
4 0.415625 0.2677083333333333 0.06875 0.23541666666666666
1 0.1703125 0.278125 0.07109375 0.20729166666666668
2 0.16328125 0.21979166666666666 0.040625 0.08958333333333333
4 0.678125 0.5052083333333334 0.01328125 0.06354166666666666
1 0.81171875 0.55 0.0265625 0.1
2 0.8109375 0.509375 0.01015625 0.01875
5 0.6765625 0.478125 0.0046875 0.008333333333333333
1 0.38359375 0.7145833333333333 0.0546875 0.22916666666666666
1 0.41796875 0.6708333333333333 0.0328125 0.14166666666666666
1 0.65625 0.8625 0.0546875 0.23333333333333334
2 0.64765625 0.7739583333333333 0.021875 0.042708333333333334