3 0.08046875 0.32083333333333336 0.0953125 0.17083333333333334
4 0.7921875 0.13854166666666667 0.025 0.13125
5 0.7890625 0.08020833333333334 0.01328125 0.025
1 0.625 0.175 0.0078125 0.040625
1 0.6125 0.17395833333333333 0.00703125 0.04375
1 0.60703125 0.16979166666666667 0.00703125 0.03854166666666667
1 0.6171875 0.171875 0.00546875 0.03958333333333333
2 0.625 0.15833333333333333 0.00390625 0.00625
2 0.6125 0.15625 0.00390625 0.00625
2 0.6078125 0.15416666666666667 0.003125 0.005208333333333333
2 0.615625 0.15520833333333334 0.00390625 0.005208333333333333
5 0.25078125 0.54375 0.0109375 0.01875
4 0.2515625 0.6010416666666667 0.0359375 0.13229166666666667
3 0.64765625 0.9333333333333333 0.1328125 0.13333333333333333