3 0.06015625 0.2552083333333333 0.0765625 0.1125
1 0.0265625 0.20416666666666666 0.02578125 0.115625
2 0.028125 0.16145833333333334 0.01328125 0.026041666666666668
4 0.521875 0.42291666666666666 0.0625 0.2125
4 0.6953125 0.4041666666666667 0.115625 0.25
5 0.71484375 0.3416666666666667 0.05625 0.10625
5 0.5265625 0.35104166666666664 0.02890625 0.040625
0 0.6515625 0.428125 0.0375 0.10833333333333334
5 0.17578125 0.7208333333333333 0.01875 0.035416666666666666
4 0.171875 0.7510416666666667 0.03125 0.090625
4 0.734765625 0.7552083333333334 0.7337890625 0.7465277770833333 0.7298828125 0.7465277770833333 0.72890625 0.7586805562500001 0.725 0.7690972229166667 0.72890625 0.7829861104166667 0.726953125 0.8072916666666666 0.7337890625 0.8298611104166668 0.73671875 0.8246527770833334 0.734765625 0.8177083333333334 0.7357421875 0.8020833333333334 0.73671875 0.8107638895833332 0.740625 0.8177083333333334 0.740625 0.8315972229166666 0.7435546875 0.83680555625 0.74453125 0.83506944375 0.74453125 0.8142361104166668 0.740625 0.7934027770833333 0.740625 0.7760416666666666 0.74453125 0.7690972229166667 0.7396484375 0.7569444437499999 0.734765625 0.7552083333333334
4 0.7640625 0.7864583333333334 0.758203125 0.8072916666666666 0.758203125 0.82118055625 0.7611328125 0.8229166666666666 0.7640625 0.8177083333333334 0.7640625 0.8072916666666666 0.7708984375 0.7986111104166668 0.78359375 0.828125 0.785546875 0.8385416666666666 0.7875 0.8385416666666666 0.789453125 0.8315972229166666 0.777734375 0.7934027770833333 0.777734375 0.765625 0.7669921875 0.75 0.76015625 0.7725694437499999 0.7640625 0.7864583333333334
4 0.641015625 0.703125 0.641015625 0.6996527770833333 0.6390625 0.6961805562500001 0.6390625 0.6927083333333334 0.6380859375 0.6909722229166667 0.6361328125 0.6909722229166667 0.63515625 0.6927083333333334 0.63515625 0.6961805562500001 0.633203125 0.6996527770833333 0.633203125 0.734375 0.6341796875 0.7361111104166667 0.637109375 0.7309027770833333 0.637109375 0.7274305562500001 0.6380859375 0.7256944437499999 0.6400390625 0.7256944437499999 0.641015625 0.7274305562500001 0.641015625 0.7309027770833333 0.64296875 0.734375 0.64296875 0.7378472229166667 0.6439453125 0.7395833333333334 0.6458984375 0.7395833333333334 0.646875 0.7378472229166667 0.646875 0.7274305562500001 0.644921875 0.7239583333333334 0.644921875 0.7204861104166667 0.64296875 0.7170138895833333 0.64296875 0.7065972229166667 0.641015625 0.703125
5 0.72890625 0.7552083333333334 0.7298828125 0.7569444437499999 0.7318359375 0.7569444437499999 0.7328125 0.7552083333333334 0.734765625 0.7517361104166667 0.734765625 0.7482638895833333 0.7337890625 0.7465277770833333 0.7298828125 0.7465277770833333 0.72890625 0.7482638895833333 0.72890625 0.7552083333333334
5 0.7671875 0.7552083333333334 0.0046875 0.008333333333333333
5 0.63671875 0.6927083333333334 0.003125 0.004166666666666667