3 0.6890625 0.10416666666666667 0.01640625 0.027083333333333334
4 0.69140625 0.053125 0.00625 0.022916666666666665
5 0.690625 0.04375 0.00234375 0.004166666666666667
0 0.11484375 0.690625 0.0203125 0.022916666666666665
1 0.17578125 0.55625 0.01796875 0.1125
1 0.13828125 0.5427083333333333 0.01796875 0.08958333333333333
2 0.17421875 0.50625 0.0109375 0.0125
2 0.13984375 0.50625 0.009375 0.015625
3 0.1140625 0.5677083333333334 0.028125 0.028125
4 0.5578125 0.4041666666666667 0.01875 0.07083333333333333
5 0.55625 0.3729166666666667 0.009375 0.008333333333333333