5 0.05234375 0.21770833333333334 0.0375 0.06666666666666667
4 0.05703125 0.271875 0.0765625 0.14166666666666666
4 0.53046875 0.14895833333333333 0.04921875 0.21145833333333333
5 0.53515625 0.057291666666666664 0.02578125 0.04583333333333333
5 0.05625 0.903125 0.0109375 0.016666666666666666
5 0.0296875 0.7479166666666667 0.00390625 0.009375
4 0.0578125 0.9375 0.01953125 0.08541666666666667
4 0.0296875 0.7604166666666666 0.00859375 0.03333333333333333
3 0.39453125 0.9364583333333333 0.1109375 0.12708333333333333
3 0.43984375 0.8947916666666667 0.146875 0.16354166666666667
4 0.490625 0.6520833333333333 0.025 0.11875
5 0.49140625 0.609375 0.0140625 0.025