3 0.09453125 0.4041666666666667 0.0359375 0.04895833333333333
1 0.1140625 0.3572916666666667 0.0125 0.051041666666666666
2 0.11328125 0.33958333333333335 0.00625 0.01875
4 0.1671875 0.32916666666666666 0.028125 0.07708333333333334
5 0.165625 0.296875 0.01484375 0.034375
4 0.57421875 0.2947916666666667 0.0171875 0.05520833333333333
5 0.5734375 0.2833333333333333 0.00859375 0.016666666666666666
4 0.003125 0.5364583333333334 0.00625 0.04791666666666667
5 0.0015625 0.5239583333333333 0.003125 0.022916666666666665
5 0.60546875 0.5677083333333334 0.01640625 0.029166666666666667
4 0.59765625 0.596875 0.04140625 0.08229166666666667