5 0.34140625 0.209375 0.02109375 0.0375
4 0.33984375 0.25104166666666666 0.03671875 0.08958333333333333
1 0.61015625 0.3572916666666667 0.0203125 0.23958333333333334
1 0.6578125 0.31979166666666664 0.03203125 0.1625
1 0.63203125 0.33645833333333336 0.03359375 0.19791666666666666
2 0.61015625 0.25729166666666664 0.0203125 0.035416666666666666
2 0.63984375 0.26666666666666666 0.01484375 0.028125
2 0.6578125 0.259375 0.01484375 0.03125
4 0.33984375 0.8145833333333333 0.2609375 0.37083333333333335
5 0.27734375 0.646875 0.0765625 0.035416666666666666
4 0.90546875 0.8802083333333334 0.071875 0.14791666666666667
5 0.90390625 0.8135416666666667 0.0375 0.08958333333333333