3 0.2265625 0.44895833333333335 0.04375 0.03958333333333333
5 0.7046875 0.08854166666666667 0.01875 0.0375
4 0.7015625 0.134375 0.0421875 0.14375
3 0.5125 0.12708333333333333 0.0328125 0.029166666666666667
0 0.584375 0.36875 0.0390625 0.057291666666666664
5 0.16953125 0.525 0.03984375 0.06979166666666667
4 0.16953125 0.59375 0.09375 0.2125
1 0.075 0.7489583333333333 0.0171875 0.06041666666666667
2 0.075 0.7322916666666667 0.009375 0.021875
1 0.525 0.709375 0.11171875 0.3614583333333333
2 0.50703125 0.6145833333333334 0.06328125 0.14166666666666666