3 0.325 0.61875 0.0875 0.24166666666666667
3 0.5734375 0.4427083333333333 0.11875 0.2916666666666667
5 0.00859375 0.7791666666666667 0.0171875 0.07083333333333333
4 0.015625 0.8385416666666666 0.03125 0.19791666666666666
4 0.9921875 0.8864583333333333 0.015625 0.08958333333333333
5 0.996875 0.8447916666666667 0.00625 0.014583333333333334
1 0.88515625 0.9041666666666667 0.00859375 0.040625
1 0.90078125 0.9041666666666667 0.00703125 0.040625
1 0.8953125 0.9020833333333333 0.00625 0.03854166666666667
1 0.88984375 0.9 0.00625 0.041666666666666664
2 0.884375 0.8875 0.00625 0.007291666666666667
2 0.9015625 0.8875 0.00390625 0.007291666666666667
2 0.8953125 0.8864583333333333 0.003125 0.00625
2 0.88984375 0.8854166666666666 0.003125 0.008333333333333333