1 0.58046875 0.121875 0.021875 0.084375
2 0.57734375 0.08958333333333333 0.0078125 0.016666666666666666
5 0.28984375 0.7489583333333333 0.02421875 0.03854166666666667
5 0.2015625 0.7510416666666667 0.02265625 0.029166666666666667
5 0.13671875 0.7427083333333333 0.0203125 0.025
4 0.13984375 0.8052083333333333 0.03359375 0.15416666666666667
4 0.2015625 0.8229166666666666 0.05 0.17916666666666667
4 0.290625 0.8229166666666666 0.05625 0.19791666666666666
0 0.13671875 0.7645833333333333 0.01484375 0.035416666666666666
4 0.8625 0.6739583333333333 0.03046875 0.09895833333333333
5 0.8578125 0.65 0.0203125 0.0375