4 0.3171875 0.23125 0.05703125 0.19270833333333334
4 0.50546875 0.24270833333333333 0.053125 0.19791666666666666
5 0.50390625 0.18020833333333333 0.03828125 0.07083333333333333
5 0.3140625 0.165625 0.04140625 0.06666666666666667
5 0.78671875 0.4010416666666667 0.00546875 0.011458333333333333
5 0.78203125 0.4 0.003125 0.007291666666666667
5 0.796875 0.4 0.00234375 0.007291666666666667
5 0.80078125 0.4010416666666667 0.00390625 0.008333333333333333
4 0.78828125 0.43125 0.009375 0.07291666666666667
4 0.78046875 0.42916666666666664 0.00546875 0.06770833333333333
4 0.8015625 0.43020833333333336 0.00859375 0.065625
4 0.796875 0.428125 0.003125 0.06354166666666666