3 0.6984375 0.05625 0.0375 0.1125
1 0.24140625 0.7072916666666667 0.04609375 0.16666666666666666
2 0.23359375 0.6739583333333333 0.02890625 0.06041666666666667
4 0.63046875 0.5354166666666667 0.02109375 0.08958333333333333
5 0.63203125 0.49375 0.00703125 0.015625
1 0.51953125 0.5520833333333334 0.00859375 0.040625
1 0.53515625 0.5520833333333334 0.00703125 0.040625
1 0.5296875 0.55 0.00625 0.03854166666666667
1 0.52421875 0.5479166666666667 0.00625 0.041666666666666664
2 0.51875 0.5354166666666667 0.00625 0.007291666666666667
2 0.5359375 0.5354166666666667 0.00390625 0.007291666666666667
2 0.5296875 0.534375 0.003125 0.00625
2 0.52421875 0.5333333333333333 0.003125 0.008333333333333333