2 0.37265625 0.3875 0.02421875 0.04479166666666667
1 0.37734375 0.4010416666666667 0.0453125 0.09791666666666667
2 0.6234375 0.4375 0.025 0.025
2 0.72421875 0.43645833333333334 0.0203125 0.027083333333333334
2 0.7921875 0.4395833333333333 0.025 0.020833333333333332
3 0.18515625 0.796875 0.09921875 0.051041666666666666
1 0.18125 0.646875 0.01796875 0.08229166666666667
2 0.18203125 0.61875 0.00859375 0.014583333333333334
3 0.84296875 0.8239583333333333 0.03984375 0.034375
4 0.9453125 0.8583333333333333 0.02421875 0.13854166666666667
5 0.94921875 0.8083333333333333 0.015625 0.0375