4 0.253125 0.1125 0.0328125 0.07708333333333334
5 0.2515625 0.09270833333333334 0.02578125 0.029166666666666667
3 0.69765625 0.16458333333333333 0.13828125 0.11770833333333333
3 0.94375 0.028125 0.03125 0.05625
3 0.19140625 0.553125 0.0640625 0.2635416666666667
1 0.00625 0.49375 0.0125 0.075
3 0.8265625 0.8635416666666667 0.01796875 0.027083333333333334
3 0.834375 0.8 0.0109375 0.016666666666666666
3 0.7953125 0.778125 0.01484375 0.011458333333333333
3 0.81640625 0.7583333333333333 0.01015625 0.011458333333333333
1 0.8 0.7645833333333333 0.00859375 0.034375
2 0.79921875 0.75 0.0046875 0.004166666666666667