4 0.0171875 0.31666666666666665 0.034375 0.125
5 0.01328125 0.2760416666666667 0.021875 0.034375
5 0.7453125 0.22395833333333334 0.0109375 0.016666666666666666
5 0.71875 0.06875 0.00390625 0.009375
4 0.746875 0.25833333333333336 0.01953125 0.08541666666666667
4 0.71875 0.08125 0.00859375 0.03333333333333333
3 0.59375 0.4125 0.11015625 0.121875
3 0.71328125 0.4114583333333333 0.10625 0.08125
3 0.73671875 0.47291666666666665 0.1296875 0.13333333333333333
1 0.5390625 0.653125 0.021875 0.04791666666666667
1 0.5984375 0.70625 0.046875 0.15416666666666667
1 0.8765625 0.7239583333333334 0.05625 0.18958333333333333
1 0.83203125 0.6708333333333333 0.0421875 0.08333333333333333